0 423.022
1 407.489
2 404.392
3 382.883
4 368.525
5 360.624
6 354.862
7 344.632
8 337.233
9 337.055
10 326.142
11 326.061
12 304.3
13 304.3
14 302.82
15 294.886
16 294.671
17 283.523
18 281.972
19 281.972
20 281.265
21 272.307
22 275.37
23 271.456
24 270.66
25 263.483
26 263.195
27 257.391
28 259.467
29 259.424
30 253.154
31 252.373
32 252.366
33 239.476
34 239.476
35 236.923
36 234.272
37 235.09
38 234.888
39 234.888
40 234.888
41 234.888
42 234.888
43 234.344
44 231.602
45 232.824
46 232.284
47 230.857
48 230.206
49 227.35
50 227.35
51 226.221
52 225.962
53 223.159
54 221.622
55 221.622
56 221.622
57 220.445
58 219.999
59 218.769
60 216.718
61 216.718
62 215.845
63 215.957
64 215.957
65 212.89
66 211.292
67 209.923
68 209.565
69 208.078
70 209.359
71 206.014
72 206.014
73 203.378
74 201.353
75 203.378
76 202.951
77 202.951
78 202.535
79 202.528
80 201.353
81 200.123
82 199.63
83 197.76
84 198.516
85 197.963
86 197.634
87 197.459
88 193.909
89 192.745
90 194.038
91 192.483
92 192.107
93 191.162
94 190.131
95 186.231
96 186.231
97 185.221
98 184.466
99 184.636
100 185.232
101 183.636
102 180.487
103 178.902
104 175.796
105 175.796
106 174.874
107 172.676
108 174.762
109 174.456
110 173.096
111 171.783
112 171.737
113 170.676
114 170.676
115 169.948
116 169.948
117 168.219
118 168.219
119 168.219
120 167.433
121 168.219
122 168.219
123 167.478
124 167.478
125 167.478
126 166.025
127 166.604
128 167.274
129 167.246
130 165.926
131 165.015
132 165.015
133 164.121
134 163.625
135 164.047
136 162.826
137 161.306
138 160.622
139 158.981
140 160.085
141 158.61
142 155.429
143 155.429
144 153.942
145 155.429
146 155.429
147 155.429
148 155.429
149 155.429
150 155.429
151 154.774
152 154.774
153 154.093
154 154.093
155 154.093
156 153.796
157 153.796
158 151.043
159 151.043
160 150.175
161 149.824
162 147.823
163 149.549
164 149.551
165 148.837
166 148.564
167 148.382
168 147.914
169 147.914
170 147.914
171 147.914
172 147.501
173 147.501
174 146.91
175 143.25
176 143.25
177 143.25
178 142.777
179 142.821
180 140.824
181 140.737
182 140.656
183 137.575
184 134.942
185 134.087
186 133.467
187 133.434
188 133.434
189 132.962
190 133.23
191 133.317
192 133.317
193 131.793
194 131.793
195 131.793
196 131.793
197 131.793
198 131.793
199 131.391
200 129.809
201 129.809
202 129.809
203 129.726
204 129.547
205 129.547
206 129.504
207 129.125
208 129.125
209 129.125
210 128.386
211 127.904
212 129.125
213 129.125
214 129.125
215 129.125
216 127.141
217 127.141
218 125.902
219 125.556
220 125.462
221 125.462
222 125.462
223 125.462
224 125.462
225 125.462
226 125.429
227 125.462
228 125.462
229 125.462
230 124.48
231 124.276
232 124.436
233 124.436
234 124.436
235 123.204
236 123.204
237 123.204
238 122.559
239 121.672
240 121.672
241 121.672
242 121.672
243 121.672
244 121.672
245 121.672
246 121.672
247 121.672
248 121.672
249 121.672
250 121.672
251 121.672
252 121.672
253 121.639
254 121.639
255 121.639
256 121.639
257 121.639
258 121.639
259 121.639
260 121.639
261 121.639
262 121.639
263 121.639
264 121.639
265 121.336
266 121.336
267 121.336
268 121.336
269 120.365
270 121.195
271 120.361
272 120.361
273 120.361
274 120.361
275 120.361
276 120.361
277 120.361
278 120.361
279 119.974
280 120.361
281 120.361
282 119.217
283 119.217
284 119.217
285 119.217
286 119.217
287 119.217
288 119.217
289 119.217
290 118.803
291 118.803
292 118.803
293 118.803
294 118.803
295 118.055
296 118.055
297 118.055
298 118.055
299 118.055
300 117.871
301 117.871
302 117.871
303 117.268
304 117.268
305 116.378
306 116.378
307 114.759
308 114.759
309 114.568
310 114.568
311 114.568
312 114.175
313 114.175
314 114.175
315 114.175
316 114.175
317 114.175
318 114.175
319 114.175
320 114.175
321 114.175
322 114.175
323 112.33
324 112.33
325 112.33
326 112.317
327 112.317
328 112.036
329 112.036
330 111.581
331 111.581
332 111.581
333 111.581
334 111.581
335 111.581
336 111.581
337 111.581
338 111.581
339 111.581
340 111.581
341 111.581
342 111.581
343 110.927
344 110.927
345 110.6
346 110.927
347 108.587
348 108.587
349 108.541
350 107.391
351 107.391
352 106.999
353 106.999
354 106.999
355 106.999
356 106.687
357 106.6
358 106.6
359 106.6
360 106.486
361 106.486
362 106.4
363 106.4
364 106.4
365 106.4
366 106.351
367 106.351
368 106.351
369 106.351
370 106.334
371 106.351
372 106.334
373 105.407
374 105.311
375 105.311
376 105.311
377 105.311
378 105.311
379 105.311
380 105.311
381 105.311
382 105.311
383 105.311
384 104.952
385 105.311
386 105.311
387 105.311
388 105.311
389 105.311
390 105.311
391 105.311
392 105.087
393 105.087
394 105.062
395 104.655
396 104.655
397 104.655
398 103.939
399 103.939
400 103.939
401 103.939
402 103.939
403 103.895
404 103.939
405 103.939
406 103.939
407 103.939
408 103.939
409 103.939
410 103.939
411 103.939
412 103.939
413 103.939
414 103.939
415 103.939
416 103.939
417 103.939
418 103.784
419 103.784
420 103.784
421 103.784
422 103.457
423 103.177
424 103.177
425 103.177
426 102.85
427 102.85
428 102.85
429 102.85
430 102.85
431 102.85
432 102.45
433 102.85
434 102.85
435 102.85
436 102.85
437 102.85
438 102.809
439 102.809
440 102.809
441 102.679
442 102.679
443 102.679
444 102.679
445 102.656
446 101.79
447 102.646
448 102.656
449 102.656
450 102.377
451 102.377
452 102.17
453 102.377
454 102.377
455 102.377
456 102.279
457 102.279
458 102.279
459 102.164
460 102.164
461 102.164
462 102.164
463 102.164
464 102.164
465 102.164
466 102.164
467 101.884
468 101.884
469 101.884
470 101.884
471 101.884
472 101.884
473 101.884
474 101.799
475 101.884
476 100.667
477 100.667
478 100.667
479 99.7454
480 100.667
481 100.667
482 100.638
483 100.108
484 100.108
485 100.05
486 100.05
487 100.05
488 100.05
489 100.05
490 100.05
491 100.05
492 100.05
493 100.05
494 99.1655
495 99.1655
496 99.1655
497 99.1655
498 99.1655
499 99.1655
500 99.1655
501 99.1655
502 99.1655
503 99.1655
504 98.784
505 97.6071
506 97.6071
507 97.6071
508 97.6071
509 97.6071
510 97.6071
511 97.6071
512 97.6071
513 97.6071
514 97.6071
515 97.6071
516 97.6071
517 97.6071
518 97.6071
519 97.6071
520 97.6071
521 97.6071
522 97.6071
523 97.6071
524 97.6071
525 97.6071
526 97.6071
527 97.6071
528 97.4582
529 97.4582
530 97.4582
531 97.4582
532 97.4582
533 97.4582
534 97.4582
535 97.4582
536 97.4582
537 97.4582
538 97.4582
539 97.4582
540 97.4582
541 97.4582
542 97.3891
543 97.3891
544 97.3891
545 97.3891
546 97.3891
547 97.3891
548 97.3891
549 97.3891
550 97.3891
551 97.3891
552 97.3891
553 97.3891
554 97.3891
555 97.3356
556 97.3891
557 97.3891
558 97.3891
559 97.3356
560 97.3356
561 97.3356
562 97.3356
563 97.3356
564 97.3356
565 97.3356
566 97.3356
567 97.3356
568 97.3356
569 97.3356
570 97.3356
571 97.3356
572 97.3356
573 97.3356
574 97.3356
575 97.3356
576 97.3356
577 97.3356
578 97.0684
579 97.0684
580 97.0684
581 97.0684
582 97.0684
583 97.0684
584 97.0684
585 97.0684
586 96.6343
587 97.0684
588 97.0684
589 97.0684
590 97.0684
591 97.0684
592 97.0684
593 97.0684
594 97.0684
595 97.0684
596 96.6419
597 96.6419
598 96.6419
599 96.6419
600 96.6177
601 96.6177
602 96.6177
603 96.6177
604 96.6177
605 96.6177
606 96.6177
607 96.6177
608 96.6177
609 96.6177
610 96.6177
611 96.6177
612 96.6177
613 96.6177
614 96.6177
615 96.6177
616 96.6177
617 96.2104
618 96.2104
619 96.2104
620 95.5602
621 96.2104
622 96.0227
623 95.1528
624 94.9652
625 95.1528
626 95.1528
627 95.1528
628 95.1528
629 95.1528
630 95.1528
631 95.1528
632 95.1528
633 95.1528
634 95.1528
635 95.1528
636 95.1528
637 95.1528
638 95.0854
639 95.1528
640 93.8967
641 94.0623
642 94.0623
643 94.0623
644 92.9799
645 92.9799
646 92.9799
647 92.9799
648 92.9799
649 92.9799
650 92.9799
651 92.9799
652 92.9799
653 92.9799
654 92.9799
655 92.9799
656 92.9799
657 92.9799
658 92.9799
659 92.9799
660 92.9799
661 92.9799
662 92.9799
663 92.9799
664 92.9799
665 92.9799
666 92.8766
667 92.8766
668 92.6066
669 92.8766
670 92.8766
671 92.8766
672 92.8766
673 92.8766
674 92.8766
675 92.8766
676 92.8766
677 92.8766
678 92.8766
679 92.8766
680 92.8766
681 92.6861
682 92.6861
683 92.6861
684 92.6861
685 92.6861
686 92.5554
687 92.5554
688 92.5554
689 92.5554
690 92.5158
691 92.1403
692 92.1403
693 92.1403
694 92.1403
695 92.1403
696 92.1403
697 91.5052
698 91.8806
699 91.5052
700 91.5052
701 91.5052
702 91.5052
703 91.5052
704 91.5052
705 90.8496
706 91.5052
707 91.5052
708 91.5052
709 91.5052
710 90.9812
711 90.9812
712 90.9812
713 90.9812
714 90.9812
715 88.7052
716 88.7052
717 88.7052
718 88.7052
719 88.7052
720 88.7052
721 88.7052
722 88.7052
723 88.7052
724 88.7052
725 88.7052
726 88.7052
727 88.7052
728 88.7052
729 87.9566
730 87.9566
731 87.9566
732 87.9566
733 87.9566
734 87.9172
735 87.9566
736 87.9566
737 87.9566
738 87.9167
739 87.9167
740 87.9167
741 87.9167
742 87.9167
743 87.9167
744 87.7507
745 87.9167
746 87.6853
747 87.6853
748 87.6853
749 87.6853
750 87.6853
751 87.6853
752 87.6853
753 87.6853
754 87.6853
755 87.6853
756 87.4784
757 87.4784
758 87.4784
759 87.1775
760 87.4784
761 87.4784
762 87.4784
763 87.4784
764 87.4784
765 87.4784
766 87.4784
767 87.4784
768 87.4784
769 87.4784
770 87.4784
771 87.4784
772 87.4784
773 87.4784
774 87.4784
775 87.4784
776 87.4784
777 87.4784
778 87.4784
779 87.4784
780 87.4784
781 87.4784
782 87.4784
783 87.4784
784 87.4784
785 87.4211
786 87.1822
787 87.4211
788 87.4211
789 87.4211
790 87.4211
791 87.4211
792 87.4211
793 87.4211
794 87.4211
795 87.4211
796 87.4211
797 87.3448
798 87.3448
799 87.1202
800 87.0439
801 87.0439
802 86.8822
803 87.0439
804 87.0439
805 87.0439
806 87.0439
807 87.0439
808 87.0439
809 87.0439
810 87.0439
811 87.0439
812 87.0439
813 87.0439
814 87.0439
815 87.0439
816 87.0439
817 86.9852
818 87.0203
819 87.0439
820 87.0439
821 87.0439
822 87.0439
823 87.0439
824 87.0439
825 87.0439
826 87.0439
827 87.0439
828 87.0439
829 87.0439
830 87.0439
831 87.0439
832 87.0439
833 87.0439
834 87.0439
835 87.0439
836 87.0439
837 87.0439
838 87.0439
839 87.0439
840 87.0439
841 87.0439
842 87.0439
843 87.0439
844 87.0203
845 87.0439
846 87.0203
847 87.0203
848 87.0203
849 87.0203
850 87.0203
851 87.0203
852 87.0203
853 87.0203
854 87.0203
855 87.0203
856 87.0203
857 87.0203
858 87.0203
859 87.0203
860 87.0203
861 87.0203
862 87.0203
863 86.8893
864 86.8893
865 86.8893
866 86.8893
867 86.8893
868 86.8893
869 86.8893
870 86.8893
871 86.8893
872 86.411
873 86.411
874 86.411
875 86.411
876 86.411
877 86.411
878 85.9509
879 85.9509
880 85.9509
881 85.9509
882 85.9509
883 85.9509
884 85.9509
885 85.9509
886 85.9509
887 85.9509
888 85.9509
889 85.9509
890 85.9509
891 85.7669
892 85.7669
893 85.7669
894 85.7669
895 85.7669
896 85.7669
897 85.7669
898 85.7669
899 85.7669
900 85.7669
901 85.7669
902 85.7669
903 85.7669
904 85.7669
905 85.7669
906 85.7669
907 84.0721
908 84.0721
909 84.0721
910 84.0721
911 84.0721
912 84.0721
913 84.0721
914 84.0721
915 84.0721
916 84.0721
917 84.0721
918 84.0721
919 84.0721
920 84.0721
921 84.0721
922 84.0721
923 83.9282
924 84.0721
925 84.0721
926 84.0721
927 83.9087
928 83.9087
929 83.9087
930 83.9087
931 83.9087
932 83.9087
933 83.9087
934 83.9087
935 83.9087
936 83.9087
937 83.9087
938 83.9087
939 83.9087
940 83.9087
941 83.9087
942 83.9087
943 83.9087
944 83.7564
945 83.7564
946 83.7564
947 83.7564
948 83.7564
949 83.7564
950 83.7564
951 83.7564
952 83.7564
953 83.7564
954 83.7564
955 83.7564
956 83.7564
957 83.7564
958 83.7564
959 83.3309
960 83.3309
961 83.3309
962 83.2439
963 83.3309
964 83.3309
965 82.0642
966 82.0642
967 82.0642
968 82.0642
969 82.0642
970 82.0642
971 81.9981
972 82.0642
973 82.0642
974 82.0642
975 82.0642
976 82.0642
977 82.0642
978 82.0642
979 82.0642
980 82.0642
981 82.0642
982 82.0642
983 82.0642
984 82.0642
985 82.0642
986 82.0642
987 82.0642
988 82.0642
989 82.0642
990 82.0642
991 82.0642
992 82.0642
993 82.0642
994 82.0642
995 82.0642
996 82.0642
997 82.0642
998 82.0642
999 82.0642
