0 436.658
1 417.203
2 379.527
3 373.868
4 359.993
5 360.839
6 350.638
7 347.708
8 343.015
9 345.619
10 333.99
11 319.234
12 308.689
13 308.563
14 304.636
15 306.394
16 305.248
17 297.767
18 290.876
19 290.615
20 282.234
21 278.89
22 277.908
23 277.908
24 272.258
25 265.889
26 267.442
27 262.29
28 260.513
29 260.739
30 258.948
31 259.691
32 258.917
33 253.968
34 248.968
35 250.377
36 243.718
37 241.367
38 241.367
39 237.787
40 238.774
41 236.802
42 236.395
43 235.566
44 235.861
45 234.954
46 234.186
47 234.186
48 233.219
49 232.926
50 229.927
51 224.637
52 224.637
53 219.461
54 219.162
55 219.162
56 217.401
57 212.878
58 212.598
59 211.331
60 211.331
61 210.438
62 210.438
63 208.626
64 209.823
65 205.959
66 207.452
67 206.006
68 206.006
69 205.007
70 204.474
71 202.283
72 197.839
73 197.474
74 194.908
75 192.38
76 191.577
77 189.91
78 191.544
79 190.806
80 190.311
81 190.311
82 190.311
83 189.736
84 189.286
85 189.286
86 188.787
87 187.204
88 186.386
89 185.013
90 182.64
91 181.407
92 180.422
93 179.129
94 179.129
95 178.566
96 176.661
97 175.945
98 176.2
99 172.049
100 172.049
101 171.053
102 171.053
103 171.02
104 169.605
105 171.02
106 171.02
107 170.71
108 170.71
109 168.866
110 169.135
111 168.203
112 168.203
113 163.99
114 157.834
115 158.883
116 158.883
117 158.883
118 157.703
119 157.675
120 156.217
121 156.006
122 155.499
123 155.065
124 155.065
125 155.065
126 155.065
127 154.446
128 150.087
129 148.664
130 148.664
131 148.664
132 148.664
133 148.664
134 147.305
135 147.305
136 146.461
137 146.461
138 146.461
139 145.755
140 145.365
141 144.706
142 144.61
143 144.706
144 144.141
145 144.141
146 144.141
147 143.249
148 143.762
149 143.762
150 143.762
151 143.762
152 143.762
153 136.432
154 143.762
155 143.762
156 143.693
157 142.671
158 142.671
159 142.671
160 142.671
161 140.142
162 139.486
163 139.486
164 139.486
165 139.486
166 139.037
167 138.467
168 138.467
169 138.295
170 138.295
171 138.295
172 138.295
173 138.295
174 138.295
175 136.964
176 136.952
177 136.964
178 136.964
179 136.964
180 136.964
181 136.964
182 136.792
183 136.964
184 136.964
185 136.964
186 136.427
187 136.427
188 136.427
189 136.427
190 136.427
191 136.427
192 135.675
193 135.675
194 135.494
195 135.293
196 135.022
197 134.324
198 134.324
199 134.324
200 134.324
201 133.546
202 133.546
203 133.546
204 133.546
205 132.982
206 132.982
207 132.982
208 132.982
209 131.95
210 130.975
211 130.975
212 130.975
213 130.975
214 130.975
215 129.844
216 128.979
217 129.844
218 129.844
219 129.294
220 129.294
221 129.294
222 129.063
223 128.168
224 129.063
225 129.063
226 129.063
227 129.063
228 129.063
229 129.063
230 129.063
231 129.063
232 129.063
233 128.952
234 128.612
235 128.952
236 128.952
237 128.952
238 128.163
239 128.163
240 128.163
241 128.163
242 128.163
243 128.163
244 128.163
245 128.163
246 128.163
247 127.192
248 126.493
249 126.493
250 125.787
251 125.787
252 125.755
253 125.755
254 125.755
255 125.755
256 125.755
257 125.755
258 125.755
259 125.755
260 125.755
261 125.755
262 125.755
263 125.755
264 124.563
265 124.563
266 124.563
267 124.563
268 124.563
269 122.964
270 124.563
271 124.563
272 124.563
273 124.563
274 123.987
275 123.987
276 123.987
277 123.953
278 123.987
279 123.987
280 123.987
281 123.987
282 123.987
283 123.987
284 123.987
285 123.987
286 123.902
287 123.413
288 123.413
289 123.413
290 123.413
291 122.762
292 122.762
293 122.762
294 122.762
295 122.084
296 122.084
297 122.084
298 122.084
299 122.084
300 122.084
301 122.084
302 122.084
303 122.084
304 122.084
305 122.084
306 122.084
307 122.075
308 122.075
309 122.075
310 122.075
311 122.075
312 121.354
313 121.354
314 121.354
315 121.354
316 121.354
317 121.237
318 121.354
319 121.354
320 121.354
321 121.354
322 121.354
323 121.354
324 121.354
325 118.5
326 121.354
327 121.354
328 121.354
329 121.354
330 121.354
331 121.354
332 121.354
333 121.354
334 121.354
335 121.354
336 120.826
337 120.826
338 120.826
339 120.826
340 120.826
341 120.826
342 120.826
343 120.826
344 120.826
345 120.796
346 120.796
347 120.027
348 120.027
349 120.027
350 120.027
351 119.754
352 119.754
353 119.754
354 119.754
355 119.754
356 119.754
357 119.754
358 119.754
359 119.754
360 119.754
361 119.754
362 119.574
363 119.731
364 119.731
365 119.731
366 118.696
367 119.731
368 119.731
369 119.731
370 119.159
371 119.159
372 118.943
373 116.986
374 116.986
375 116.986
376 116.986
377 116.986
378 116.986
379 116.986
380 116.986
381 116.986
382 116.986
383 116.575
384 116.575
385 116.575
386 116.575
387 115.562
388 116.575
389 116.575
390 116.575
391 116.575
392 115.966
393 115.966
394 115.966
395 115.966
396 115.966
397 115.815
398 115.852
399 114.993
400 110.04
401 110.279
402 110.279
403 110.279
404 110.279
405 110.279
406 110.279
407 110.279
408 109.918
409 109.918
410 109.918
411 109.613
412 109.918
413 109.918
414 109.918
415 109.918
416 109.918
417 106.938
418 106.281
419 106.281
420 106.281
421 106.281
422 106.281
423 106.281
424 106.281
425 106.175
426 106.175
427 105.386
428 106.175
429 106.175
430 106.175
431 106.175
432 106.175
433 106.175
434 106.175
435 106.175
436 106.175
437 106.175
438 106.175
439 106.175
440 106.175
441 106.175
442 106.175
443 106.175
444 105.767
445 105.767
446 105.767
447 105.767
448 105.634
449 105.767
450 105.767
451 105.767
452 105.767
453 105.767
454 105.767
455 105.767
456 105.767
457 105.767
458 105.72
459 105.72
460 105.72
461 105.72
462 105.72
463 105.72
464 105.72
465 105.72
466 105.72
467 105.72
468 105.72
469 105.72
470 105.72
471 105.72
472 105.72
473 105.72
474 105.72
475 105.72
476 105.72
477 104.836
478 105.336
479 105.336
480 105.25
481 105.288
482 105.288
483 105.288
484 105.199
485 105.199
486 105.199
487 105.199
488 105.199
489 105.199
490 105.199
491 105.199
492 103.791
493 104.41
494 104.41
495 104.055
496 104.055
497 104.055
498 104.055
499 104.055
500 104.055
501 103.837
502 103.998
503 103.998
504 103.998
505 103.998
506 103.998
507 103.998
508 103.998
509 103.945
510 103.945
511 103.945
512 103.945
513 103.945
514 103.945
515 103.945
516 103.945
517 103.945
518 103.945
519 103.945
520 103.032
521 102.943
522 102.828
523 102.828
524 102.828
525 102.828
526 102.828
527 102.828
528 102.828
529 102.828
530 102.828
531 102.828
532 102.828
533 102.209
534 102.209
535 102.209
536 102.209
537 102.209
538 102.209
539 102.209
540 102.209
541 100.667
542 100.667
543 100.667
544 100.667
545 100.667
546 100.667
547 100.667
548 100.667
549 100.667
550 100.667
551 100.667
552 100.667
553 100.667
554 100.667
555 100.667
556 100.667
557 100.667
558 100.667
559 100.648
560 100.648
561 100.235
562 100.235
563 100.235
564 100.235
565 100.235
566 100.214
567 100.214
568 100.214
569 100.214
570 100.214
571 100.214
572 100.214
573 100.214
574 100.214
575 100.214
576 100.214
577 100.214
578 100.214
579 100.214
580 100.063
581 100.037
582 100.004
583 99.9965
584 99.9965
585 99.9965
586 99.9965
587 99.9965
588 99.9965
589 99.8513
590 99.8513
591 99.6165
592 99.6165
593 99.6165
594 98.6408
595 98.6408
596 98.6408
597 98.6408
598 98.6408
599 98.6408
600 98.6408
601 98.6408
602 98.6408
603 98.6408
604 98.6408
605 98.6408
606 98.6408
607 98.6408
608 98.6408
609 98.6408
610 98.6408
611 98.6408
612 98.6408
613 98.6408
614 98.6408
615 98.6408
616 98.6408
617 98.277
618 98.1085
619 98.1085
620 97.7446
621 97.7446
622 97.7446
623 97.7446
624 97.1609
625 97.1609
626 97.1609
627 97.1609
628 97.1609
629 97.1609
630 97.1609
631 97.1609
632 97.1609
633 97.1609
634 97.0612
635 97.0612
636 97.0612
637 97.0612
638 97.0612
639 96.9365
640 97.0612
641 97.0612
642 97.0612
643 96.9262
644 96.9262
645 96.9262
646 96.911
647 96.911
648 96.911
649 96.3491
650 96.3491
651 96.3491
652 96.3491
653 96.3491
654 96.3491
655 96.3491
656 96.3491
657 96.3491
658 96.3491
659 96.3491
660 96.3491
661 96.3491
662 96.3491
663 96.3491
664 96.3491
665 96.3491
666 96.3491
667 96.3491
668 96.3491
669 96.3491
670 96.3491
671 96.3491
672 96.3491
673 96.3491
674 96.3491
675 96.3491
676 96.3491
677 96.3491
678 96.3491
679 96.3491
680 96.3491
681 96.3491
682 96.3491
683 96.3491
684 96.3491
685 96.3491
686 95.8053
687 95.8053
688 95.8053
689 95.8053
690 95.8053
691 95.8053
692 95.8053
693 95.8053
694 95.8053
695 95.8053
696 95.8053
697 95.8053
698 95.7102
699 95.7102
700 95.7102
701 95.4939
702 95.4939
703 95.4939
704 94.6627
705 94.6627
706 94.6627
707 94.2889
708 94.2889
709 94.2889
710 94.2889
711 94.2889
712 94.2889
713 94.2889
714 94.2889
715 94.2889
716 94.2889
717 94.2889
718 94.2889
719 94.2889
720 94.2889
721 94.2889
722 94.2889
723 94.2889
724 94.2889
725 94.2889
726 94.2889
727 94.2889
728 94.2889
729 94.2889
730 94.2889
731 94.2889
732 94.2889
733 94.2889
734 94.2889
735 94.2889
736 94.2889
737 93.974
738 93.974
739 93.974
740 93.974
741 93.974
742 93.974
743 93.9486
744 93.9486
745 93.9486
746 93.9486
747 93.9486
748 93.5819
749 93.6469
750 93.6469
751 93.6469
752 93.6469
753 93.6469
754 93.6001
755 93.0371
756 93.0371
757 93.0371
758 93.0371
759 93.0371
760 92.9292
761 92.9292
762 92.9292
763 92.9292
764 92.9292
765 92.9292
766 92.9292
767 92.9292
768 92.8456
769 92.8456
770 92.8456
771 92.8456
772 92.8456
773 92.8456
774 92.8456
775 92.8456
776 92.8456
777 92.8456
778 92.8456
779 92.8456
780 92.8456
781 92.8456
782 92.8456
783 92.8456
784 92.8456
785 92.8456
786 92.8456
787 92.8456
788 92.8456
789 92.8456
790 92.8456
791 92.8456
792 92.8456
793 92.8456
794 92.8456
795 92.8456
796 92.8456
797 92.8456
798 92.8456
799 92.8456
800 92.8456
801 92.8456
802 92.8456
803 92.8337
804 92.8337
805 92.8337
806 92.8337
807 92.8337
808 92.2973
809 92.2973
810 92.2973
811 91.7744
812 91.7744
813 91.7744
814 91.7744
815 91.7744
816 91.7744
817 91.3969
818 91.3969
819 91.3969
820 91.3969
821 91.3969
822 91.3969
823 91.3969
824 91.3969
825 91.3969
826 91.3969
827 91.3969
828 91.3969
829 91.3969
830 91.3969
831 91.1158
832 91.1158
833 91.1158
834 91.1158
835 91.1158
836 91.1158
837 91.1158
838 91.1158
839 91.1158
840 91.1158
841 91.1158
842 91.1158
843 90.4741
844 90.4741
845 90.4741
846 90.4741
847 90.4741
848 90.4741
849 90.4741
850 90.4741
851 90.4741
852 90.4741
853 90.4741
854 90.4741
855 90.4741
856 90.4741
857 90.4741
858 90.4741
859 90.4168
860 90.4168
861 90.4168
862 90.4168
863 90.4168
864 90.4168
865 90.4168
866 90.4168
867 90.4168
868 90.4168
869 90.2163
870 90.2163
871 90.2163
872 90.2163
873 90.2163
874 90.2163
875 90.2163
876 90.2163
877 90.2163
878 90.2163
879 90.2163
880 90.0833
881 90.2163
882 89.616
883 89.616
884 89.616
885 89.616
886 89.616
887 89.616
888 89.616
889 89.616
890 89.2219
891 89.2219
892 89.2219
893 89.2219
894 89.2219
895 89.2219
896 89.2219
897 89.2219
898 89.2219
899 89.2219
900 89.2219
901 89.2219
902 89.2219
903 89.2219
904 89.2219
905 89.2219
906 89.2219
907 89.2219
908 89.2219
909 89.2219
910 89.2219
911 89.2219
912 89.2219
913 89.2219
914 89.2219
915 89.2172
916 89.2219
917 89.2219
918 89.2219
919 89.2219
920 89.2219
921 89.2219
922 89.2219
923 89.2219
924 89.2219
925 89.2219
926 89.2219
927 89.2219
928 89.2219
929 89.2219
930 89.2219
931 89.2219
932 89.2219
933 89.2219
934 89.2219
935 89.2219
936 89.2219
937 89.2219
938 89.2219
939 89.2219
940 89.2219
941 89.2219
942 89.2219
943 89.2219
944 89.2219
945 89.2219
946 89.2219
947 89.2219
948 89.2219
949 89.2219
950 89.2219
951 89.2219
952 89.2219
953 89.2219
954 88.9529
955 88.9529
956 89.2219
957 89.2219
958 89.2219
959 89.2219
960 89.2219
961 89.2219
962 89.2219
963 89.2219
964 89.2219
965 89.2219
966 89.2219
967 89.2219
968 89.2219
969 89.2219
970 89.2219
971 89.2219
972 89.2219
973 89.2219
974 89.2219
975 89.2219
976 89.2219
977 89.2219
978 89.2219
979 89.2219
980 89.2219
981 89.2219
982 89.2219
983 89.2219
984 89.2219
985 89.2219
986 89.2219
987 89.2219
988 89.2219
989 89.2219
990 89.2219
991 89.2219
992 89.2219
993 89.2219
994 89.2219
995 89.2219
996 89.2219
997 89.2219
998 89.2219
999 89.2219
