0 438.807
0 423.022
0 436.658
0 409.158
0 416.602
1 407.489
1 417.203
1 414.878
1 405.972
1 408.85
2 404.392
2 379.527
2 387.768
2 399.177
2 405.072
3 382.883
3 373.868
3 376.425
3 397.698
3 383.59
4 368.525
4 359.993
4 379.665
4 379.821
4 372.131
5 360.624
5 360.839
5 369.892
5 372.66
5 358.688
6 362.717
6 371.865
6 350.638
6 354.862
6 363.26
7 355.635
7 347.708
7 351.401
7 344.632
7 357.57
8 349.813
8 343.015
8 337.233
8 340.085
8 353.836
9 343.399
9 345.619
9 337.055
9 335.073
9 345.353
10 339.532
10 333.99
10 326.142
10 318.002
10 343.85
11 330.78
11 326.061
11 319.234
11 314.098
11 333.058
12 318.742
12 304.3
12 308.689
12 310.459
12 333.058
13 314.903
13 304.3
13 308.563
13 309.632
13 321.858
14 308.087
14 302.82
14 309.521
14 321.858
14 304.636
15 294.886
15 309.521
15 304.902
15 315.691
15 306.394
16 294.671
16 309.347
16 293.669
16 305.248
16 292.861
17 306.918
17 283.523
17 293.908
17 290.065
17 297.767
18 281.972
18 302.618
18 286.052
18 290.107
18 290.876
19 281.972
19 293.118
19 285.042
19 288.097
19 290.615
20 281.265
20 294.217
20 284.411
20 285.514
20 282.234
21 284.411
21 280.456
21 272.307
21 294.217
21 278.89
22 275.37
22 284.411
22 270.097
22 293.914
22 277.908
23 284.141
23 265.953
23 271.456
23 290.664
23 277.908
24 282.495
24 267.683
24 270.66
24 292.502
24 272.258
25 275.987
25 264.855
25 289.512
25 263.483
25 265.889
26 274.876
26 255.474
26 282.039
26 267.442
26 263.195
27 274.593
27 255.814
27 282.039
27 262.29
27 257.391
28 272.701
28 255.827
28 273.259
28 260.513
28 259.467
29 272.701
29 254.068
29 270.415
29 260.739
29 259.424
30 253.154
30 269.051
30 272.701
30 254.454
30 258.948
31 268.766
31 253.503
31 264.561
31 252.373
31 259.691
32 265.017
32 253.436
32 252.366
32 261.494
32 258.917
33 264.874
33 247.32
33 239.476
33 253.968
33 259.632
34 262.802
34 239.476
34 246.774
34 248.968
34 259.632
35 250.377
35 236.923
35 242.705
35 261.959
35 255.727
36 261.193
36 243.718
36 234.272
36 238.822
36 253.593
37 260.824
37 235.09
37 241.367
37 238.822
37 252.054
38 260.145
38 234.888
38 241.367
38 251.949
38 239.403
39 255.961
39 234.888
39 239.403
39 237.787
39 251.265
40 255.085
40 234.888
40 251.059
40 238.774
40 234.925
41 234.888
41 252.915
41 236.802
41 251.37
41 234.925
42 234.888
42 234.703
42 252.915
42 236.395
42 237.395
43 234.344
43 227.407
43 248.097
43 236.6
43 235.566
44 231.602
44 225.936
44 246.513
44 233.087
44 235.861
45 232.824
45 235.304
45 241.216
45 234.954
45 224.646
46 224.999
46 236.266
46 232.493
46 232.284
46 234.186
47 234.38
47 224.999
47 229.842
47 234.186
47 230.857
48 232.297
48 229.248
48 224.711
48 233.219
48 230.206
49 223.914
49 224.446
49 226.621
49 232.926
49 227.35
50 221.861
50 223.933
50 226.621
50 229.927
50 227.35
51 223.933
51 217.604
51 225.914
51 224.637
51 226.221
52 219.002
52 216.489
52 221.846
52 224.637
52 225.962
53 219.002
53 216.759
53 220.411
53 219.461
53 223.159
54 217.098
54 216.759
54 216.772
54 219.162
54 221.622
55 215.355
55 213.578
55 214.922
55 219.162
55 221.622
56 215.355
56 211.32
56 214.922
56 217.401
56 221.622
57 215.355
57 210.863
57 214.51
57 212.878
57 220.445
58 210.65
58 212.707
58 212.598
58 212.143
58 219.999
59 209.383
59 210.141
59 211.331
59 208.935
59 218.769
60 216.718
60 210.141
60 205.735
60 205.54
60 211.331
61 205.875
61 202.098
61 216.718
61 210.438
61 210.141
62 210.141
62 202.675
62 202
62 215.845
62 210.438
63 202.873
63 203.088
63 208.694
63 215.957
63 208.626
64 202.395
64 208.694
64 203.088
64 215.957
64 209.823
65 207.97
65 202.395
65 202.769
65 212.89
65 205.959
66 207.612
66 196.082
66 211.292
66 202.473
66 207.452
67 206.472
67 198.462
67 206.006
67 209.923
67 197.757
68 204.725
68 197.836
68 209.565
68 206.006
68 201.579
69 203.511
69 195.62
69 208.078
69 205.007
69 200.651
70 204.486
70 196.205
70 209.359
70 204.474
70 200.651
71 203.345
71 196.014
71 200.651
71 206.014
71 202.283
72 199.871
72 194.717
72 199.976
72 206.014
72 197.839
73 197.38
73 194.717
73 199.813
73 197.474
73 203.378
74 199.871
74 194.717
74 196.092
74 194.908
74 201.353
75 203.378
75 192.862
75 193.926
75 198.646
75 192.38
76 194.315
76 192.862
76 202.951
76 191.577
76 199.605
77 192.862
77 193.026
77 199.834
77 189.91
77 202.951
78 192.105
78 199.155
78 193.026
78 202.535
78 191.544
79 192.105
79 197.742
79 192.228
79 202.528
79 190.806
80 192.105
80 193.596
80 191.771
80 201.353
80 190.311
81 194.029
81 192.105
81 200.123
81 191.771
81 190.311
82 191.693
82 194.029
82 199.63
82 190.311
82 190.531
83 194.894
83 191.625
83 197.76
83 189.736
83 191.115
84 198.516
84 192.135
84 189.286
84 188.252
84 191.387
85 197.963
85 189.286
85 190.374
85 191.387
85 188.189
86 197.634
86 191.249
86 190.374
86 188.787
86 187.212
87 186.559
87 197.459
87 186.9
87 187.204
87 185.623
88 187.639
88 193.909
88 186.386
88 185.008
88 181.152
89 187.639
89 192.745
89 183.637
89 185.013
89 179.833
90 194.038
90 180.65
90 183.637
90 186.736
90 182.64
91 192.483
91 187.639
91 182.671
91 181.152
91 181.407
92 182.029
92 192.107
92 186.874
92 180.794
92 180.422
93 181.683
93 191.162
93 175.295
93 185.751
93 179.129
94 181.605
94 175.653
94 190.131
94 185.55
94 179.129
95 181.339
95 186.231
95 174.306
95 184.579
95 178.566
96 179.325
96 186.231
96 174.306
96 181.635
96 176.661
97 176.598
97 185.221
97 170.699
97 181.506
97 175.945
98 178.645
98 184.466
98 170.699
98 181.506
98 176.2
99 178.645
99 169.289
99 184.636
99 181.506
99 172.049
100 174.488
100 185.232
100 168.036
100 181.506
100 172.049
101 174.007
101 183.636
101 167.738
101 181.506
101 171.053
102 173.279
102 180.487
102 181.048
102 167.738
102 171.053
103 173.706
103 178.902
103 178.456
103 165.92
103 171.02
104 173.706
104 175.796
104 175.759
104 166.753
104 169.605
105 175.796
105 171.02
105 175.759
105 165.472
105 173.706
106 173.706
106 174.095
106 174.874
106 163.696
106 171.02
107 172.498
107 163.588
107 174.19
107 172.676
107 170.71
108 172.724
108 163.588
108 174.19
108 174.762
108 170.71
109 172.724
109 174.456
109 163.588
109 172.881
109 168.866
110 172.724
110 163.565
110 173.308
110 173.096
110 169.135
111 171.295
111 171.783
111 160.549
111 173.402
111 168.203
112 169.329
112 160.514
112 172.334
112 171.737
112 168.203
113 167.842
113 170.021
113 160.514
113 163.99
113 170.676
114 168.692
114 169.13
114 170.676
114 157.834
114 160.359
115 168.692
115 169.416
115 169.948
115 158.883
115 160.514
116 168.393
116 169.948
116 167.973
116 158.883
116 160.549
117 166.968
117 168.219
117 168.163
117 158.883
117 160.386
118 168.219
118 166.968
118 168.163
118 157.703
118 159.885
119 168.219
119 168.129
119 166.876
119 157.675
119 160.386
120 167.433
120 156.217
120 160.386
120 167.923
120 163.435
121 168.219
121 166.911
121 156.006
121 162.165
121 159.96
122 155.499
122 166.442
122 163.015
122 168.219
122 157.748
123 166.911
123 155.065
123 167.478
123 163.015
123 155.884
124 165.602
124 155.065
124 167.478
124 163.015
124 156.199
125 165.815
125 155.065
125 163.015
125 167.478
125 156.199
126 164.606
126 155.065
126 161.786
126 166.025
126 155.303
127 164.957
127 154.446
127 161.786
127 166.604
127 154.213
128 164.89
128 150.087
128 154.213
128 167.274
128 157.696
129 164.89
129 151.321
129 148.664
129 167.246
129 157.696
130 161.669
130 149.531
130 148.664
130 165.926
130 161.349
131 160.239
131 148.664
131 151.321
131 165.015
131 161.349
132 159.623
132 150.528
132 148.664
132 165.015
132 161.002
133 159.623
133 148.664
133 150.528
133 164.121
133 161.002
134 159.623
134 147.305
134 163.625
134 149.892
134 161.349
135 164.047
135 149.892
135 160.684
135 147.305
135 156.546
136 155.948
136 160.243
136 162.826
136 149.39
136 146.461
137 159.794
137 161.306
137 146.461
137 149.534
137 152.595
138 159.794
138 160.622
138 146.461
138 149.272
138 153.018
139 159.794
139 145.755
139 149.534
139 158.981
139 153.018
140 159.794
140 149.534
140 145.365
140 153.018
140 160.085
141 159.539
141 144.706
141 149.534
141 150.934
141 158.61
142 159.539
142 144.61
142 149.892
142 150.934
142 155.429
143 158.743
143 144.706
143 149.892
143 150.934
143 155.429
144 157.861
144 144.141
144 149.699
144 150.934
144 153.942
145 157.242
145 144.141
145 149.39
145 149.755
145 155.429
146 144.141
146 157.838
146 148.531
146 149.767
146 155.429
147 157.838
147 143.249
147 149.09
147 149.767
147 155.429
148 157.838
148 143.762
148 149.09
148 149.111
148 155.429
149 143.762
149 156.315
149 148.075
149 149.111
149 155.429
150 155.429
150 143.762
150 145.887
150 157.367
150 147.942
151 143.762
151 154.774
151 157.368
151 145.341
151 147.942
152 143.762
152 154.774
152 144.057
152 157.249
152 147.942
153 136.432
153 144.057
153 156.97
153 154.093
153 147.942
154 143.762
154 144.057
154 156.332
154 147.942
154 154.093
155 143.762
155 143.274
155 156.499
155 154.093
155 145.713
156 143.693
156 144.057
156 156.499
156 153.796
156 144.203
157 142.671
157 142.238
157 155.769
157 153.796
157 143.322
158 142.671
158 142.238
158 154.902
158 151.043
158 143.322
159 142.671
159 141.554
159 151.043
159 154.902
159 143.322
160 142.671
160 141.554
160 154.902
160 150.175
160 143.322
161 140.142
161 154.902
161 141.554
161 149.824
161 143.322
162 139.486
162 153.953
162 141.554
162 147.823
162 143.322
163 139.486
163 139.297
163 154.72
163 149.549
163 142.394
164 139.486
164 138.831
164 154.72
164 149.551
164 141.981
165 148.837
165 139.297
165 139.486
165 152.676
165 143.083
166 152.676
166 148.564
166 141.995
166 139.037
166 139.297
167 148.382
167 142.974
167 138.467
167 152.268
167 138.646
168 147.914
168 140.305
168 152.268
168 138.467
168 139.297
169 147.914
169 140.305
169 138.295
169 152.268
169 139.175
170 147.914
170 140.305
170 138.295
170 138.327
170 152.268
171 147.914
171 138.327
171 140
171 138.295
171 152.268
172 147.501
172 138.327
172 138.295
172 140
172 152.268
173 138.327
173 147.501
173 138.295
173 151.906
173 139.007
174 138.327
174 146.91
174 151.906
174 138.818
174 138.295
175 138.239
175 143.25
175 138.171
175 151.287
175 136.964
176 137.463
176 143.25
176 138.368
176 150.386
176 136.952
177 136.642
177 143.25
177 137.455
177 150.386
177 136.964
178 136.642
178 137.703
178 142.777
178 148.747
178 136.964
179 136.213
179 137.703
179 142.821
179 148.747
179 136.964
180 140.824
180 135.204
180 135.115
180 148.128
180 136.964
181 148.128
181 140.737
181 135.981
181 136.964
181 134.498
182 140.656
182 147.306
182 135.017
182 134.498
182 136.792
183 137.575
183 147.306
183 136.964
183 134.498
183 135.978
184 134.942
184 147.306
184 136.964
184 135.978
184 134.498
185 134.087
185 144.961
185 136.964
185 132.861
185 134.498
186 146.926
186 133.467
186 136.427
186 134.498
186 132.861
187 147.306
187 133.434
187 136.427
187 132.477
187 134.498
188 147.306
188 133.434
188 136.427
188 132.477
188 133.929
189 132.962
189 147.306
189 136.427
189 132.113
189 133.929
190 133.23
190 147.306
190 136.427
190 132.113
190 133.929
191 133.317
191 147.306
191 136.427
191 132.113
191 133.929
192 133.317
192 147.306
192 135.675
192 131.548
192 133.929
193 131.793
193 146.96
193 135.675
193 131.548
193 133.929
194 131.793
194 147.306
194 135.494
194 131.389
194 133.929
195 131.793
195 131.389
195 135.293
195 133.929
195 147.306
196 133.929
196 146.988
196 131.793
196 131.389
196 135.022
197 147.165
197 133.234
197 131.389
197 131.793
197 134.324
198 133.929
198 131.389
198 134.324
198 147.165
198 131.793
199 147.165
199 133.929
199 131.391
199 134.324
199 131.389
200 146.648
200 133.929
200 134.324
200 129.809
200 131.073
201 133.929
201 146.205
201 129.809
201 133.546
201 131.389
202 133.086
202 147.039
202 131.389
202 133.546
202 129.809
203 133.086
203 146.692
203 129.726
203 133.546
203 131.199
204 133.086
204 146.2
204 129.547
204 131.199
204 133.546
205 133.086
205 146.692
205 129.547
205 132.982
205 131.199
206 131.35
206 145.409
206 129.504
206 132.982
206 131.199
207 131.35
207 144.125
207 129.125
207 132.982
207 131.199
208 131.35
208 144.125
208 129.125
208 132.982
208 131.199
209 131.35
209 144.125
209 129.125
209 131.95
209 130.891
210 129.514
210 128.386
210 131.35
210 130.975
210 144.125
211 127.904
211 130.975
211 129.765
211 142.455
211 130.882
212 129.125
212 130.975
212 129.765
212 142.455
212 130.882
213 129.125
213 130.975
213 129.765
213 142.455
213 130.882
214 130.975
214 129.125
214 129.301
214 142.455
214 130.634
215 129.844
215 129.125
215 129.103
215 130.634
215 142.455
216 128.979
216 127.141
216 142.455
216 129.103
216 130.043
217 129.844
217 127.141
217 129.103
217 141.618
217 129.46
218 129.844
218 125.902
218 141.618
218 129.076
218 130.058
219 129.294
219 125.556
219 129.076
219 129.46
219 140.928
220 129.294
220 125.462
220 129.076
220 140.325
220 129.46
221 129.294
221 125.462
221 129.076
221 139.475
221 128.947
222 129.063
222 125.462
222 139.133
222 128.041
222 128.658
223 128.168
223 125.462
223 127.734
223 139.133
223 128.607
224 129.063
224 125.462
224 127.734
224 139.133
224 127.805
225 125.462
225 127.734
225 139.118
225 129.063
225 127.805
226 129.063
226 126.558
226 125.429
226 127.08
226 139.118
227 129.063
227 126.558
227 127.08
227 125.462
227 139.118
228 129.063
228 126.558
228 138.695
228 125.462
228 127.08
229 125.897
229 129.063
229 127.08
229 138.68
229 125.462
230 125.897
230 129.063
230 125.573
230 138.68
230 124.48
231 125.799
231 129.063
231 125.054
231 124.276
231 138.68
232 125.799
232 129.063
232 125.054
232 124.436
232 138.495
233 125.728
233 128.952
233 124.734
233 124.436
233 138.524
234 125.799
234 128.612
234 124.734
234 124.436
234 138.313
235 125.799
235 124.734
235 128.952
235 123.204
235 138.313
236 125.606
236 128.952
236 124.353
236 123.204
236 138.313
237 125.606
237 128.952
237 124.211
237 123.204
237 138.313
238 125.606
238 128.163
238 124.211
238 122.559
238 138.313
239 125.606
239 128.163
239 124.211
239 121.672
239 136.549
240 121.672
240 124.211
240 128.163
240 136.549
240 125.418
241 128.163
241 121.672
241 136.549
241 125.418
241 124.211
242 123.787
242 125.418
242 121.672
242 128.163
242 136.549
243 136.192
243 121.672
243 123.787
243 124.851
243 128.163
244 123.523
244 121.672
244 136.549
244 125.418
244 128.163
245 125.418
245 122.892
245 136.549
245 121.672
245 128.163
246 125.008
246 136.549
246 122.7
246 121.672
246 128.163
247 124.315
247 121.672
247 134.409
247 122.629
247 127.192
248 124.315
248 121.672
248 134.409
248 122.629
248 126.493
249 124.725
249 134.409
249 121.672
249 122.629
249 126.493
250 121.672
250 124.315
250 134.409
250 125.787
250 122.629
251 134.409
251 123.942
251 121.672
251 125.787
251 122.629
252 134.409
252 124.315
252 121.672
252 125.755
252 122.629
253 121.639
253 124.155
253 133.447
253 125.755
253 122.629
254 121.639
254 123.942
254 133.551
254 122.629
254 125.755
255 121.639
255 123.26
255 133.551
255 122.629
255 125.755
256 125.755
256 133.551
256 121.823
256 121.639
256 123.26
257 125.755
257 133.231
257 120.921
257 123.26
257 121.639
258 125.755
258 120.921
258 133.231
258 123.26
258 121.639
259 125.755
259 133.167
259 121.639
259 120.921
259 123.26
260 125.755
260 121.639
260 132.189
260 120.921
260 122.702
261 125.755
261 133.167
261 121.639
261 120.856
261 122.702
262 125.755
262 133.167
262 121.639
262 122.702
262 120.921
263 125.755
263 122.702
263 132.96
263 121.639
263 120.748
264 124.563
264 133.167
264 122.702
264 121.639
264 120.748
265 124.563
265 122.702
265 133.167
265 120.519
265 121.336
266 124.563
266 122.702
266 133.167
266 121.336
266 120.276
267 124.563
267 120.936
267 133.167
267 121.336
267 119.492
268 124.563
268 133.058
268 121.336
268 120.936
268 120.431
269 122.964
269 120.365
269 133.167
269 120.936
269 120.431
270 121.195
270 120.936
270 133.129
270 124.563
270 119.05
271 120.361
271 118.999
271 124.563
271 132.915
271 120.936
272 120.361
272 124.563
272 118.999
272 133.129
272 120.936
273 124.563
273 120.361
273 120.445
273 133.129
273 118.999
274 120.361
274 123.987
274 132.845
274 120.936
274 118.982
275 123.987
275 120.361
275 120.936
275 133.129
275 118.999
276 123.987
276 120.361
276 133.129
276 120.936
276 118.999
277 123.953
277 120.361
277 120.936
277 132.888
277 118.999
278 120.361
278 123.987
278 132.536
278 120.936
278 117.606
279 119.974
279 123.987
279 120.936
279 132.536
279 117.836
280 120.361
280 123.987
280 120.936
280 132.536
280 117.836
281 120.361
281 123.987
281 132.274
281 120.509
281 117.43
282 119.217
282 123.987
282 132.536
282 120.509
282 116.612
283 119.217
283 123.987
283 132.536
283 119.851
283 117.379
284 119.217
284 123.987
284 132.536
284 119.851
284 117.379
285 118.624
285 119.217
285 116.748
285 132.024
285 123.987
286 132.024
286 116.748
286 119.217
286 123.902
286 118.624
287 119.217
287 132.024
287 116.748
287 123.413
287 118.624
288 131.976
288 119.217
288 116.748
288 118.624
288 123.413
289 132.024
289 119.217
289 116.748
289 118.624
289 123.413
290 132.024
290 118.624
290 118.803
290 116.748
290 123.413
291 132.024
291 118.624
291 116.748
291 122.762
291 118.803
292 131.946
292 116.748
292 118.624
292 118.803
292 122.762
293 131.946
293 116.732
293 118.803
293 118.624
293 122.762
294 131.755
294 116.674
294 118.624
294 122.762
294 118.803
295 131.834
295 115.776
295 118.055
295 122.084
295 118.053
296 118.053
296 118.055
296 131.834
296 115.776
296 122.084
297 118.055
297 118.053
297 131.834
297 115.357
297 122.084
298 118.055
298 118.053
298 131.834
298 115.346
298 122.084
299 118.053
299 118.055
299 115.346
299 131.834
299 122.084
300 117.871
300 115.345
300 131.834
300 118.053
300 122.084
301 115.333
301 122.084
301 131.834
301 117.482
301 117.871
302 122.084
302 115.333
302 131.834
302 117.482
302 117.871
303 122.084
303 117.017
303 115.333
303 117.268
303 131.834
304 122.084
304 117.268
304 114.817
304 117.017
304 131.834
305 122.084
305 116.378
305 115.333
305 131.834
305 117.017
306 122.084
306 116.378
306 115.048
306 117.017
306 131.52
307 122.075
307 114.759
307 131.281
307 113.67
307 117.017
308 122.075
308 117.017
308 131.281
308 113.849
308 114.759
309 122.075
309 131.281
309 116.917
309 113.068
309 114.568
310 131.281
310 122.075
310 116.917
310 112.841
310 114.568
311 122.075
311 116.917
311 131.281
311 112.841
311 114.568
312 121.354
312 131.281
312 116.917
312 112.413
312 114.175
313 131.281
313 121.354
313 112.841
313 116.917
313 114.175
314 131.281
314 121.354
314 112.841
314 116.104
314 114.175
315 114.175
315 131.281
315 112.841
315 121.354
315 116.104
316 116.104
316 121.354
316 131.281
316 114.175
316 112.841
317 116.104
317 121.237
317 131.156
317 114.175
317 112.734
318 116.104
318 121.354
318 131.156
318 112.734
318 114.175
319 116.104
319 130.521
319 121.354
319 112.734
319 114.175
320 116.104
320 112.734
320 121.354
320 114.175
320 130.521
321 116.104
321 112.734
321 121.354
321 130.185
321 114.175
322 116.104
322 112.251
322 121.354
322 130.521
322 114.175
323 112.251
323 115.989
323 121.354
323 130.521
323 112.33
324 112.251
324 116.104
324 121.354
324 130.521
324 112.33
325 112.251
325 116.104
325 118.5
325 130.521
325 112.33
326 116.104
326 112.251
326 121.354
326 130.521
326 112.317
327 112.25
327 116.104
327 121.354
327 130.521
327 112.317
328 112.25
328 114.559
328 121.354
328 130.521
328 112.036
329 111.686
329 112.036
329 114.559
329 121.354
329 129.996
330 111.581
330 121.354
330 114.559
330 130.484
330 111.686
331 121.354
331 111.686
331 130.484
331 114.559
331 111.581
332 110.845
332 121.354
332 130.484
332 114.467
332 111.581
333 110.845
333 130.484
333 114.551
333 121.354
333 111.581
334 110.845
334 121.354
334 130.484
334 114.551
334 111.581
335 110.375
335 121.354
335 114.551
335 130.484
335 111.581
336 120.826
336 110.375
336 114.517
336 111.581
336 130.484
337 110.375
337 120.826
337 111.581
337 113.374
337 130.484
338 110.375
338 111.581
338 113.374
338 120.826
338 127.088
339 110.024
339 111.581
339 113.374
339 127.088
339 120.826
340 110.375
340 111.581
340 113.374
340 120.826
340 127.088
341 111.581
341 110.375
341 120.826
341 113.374
341 126.97
342 111.581
342 110.375
342 120.826
342 113.374
342 127.088
343 110.375
343 110.927
343 120.826
343 113.374
343 126.276
344 110.375
344 110.927
344 120.826
344 113.374
344 122.215
345 123.015
345 110.6
345 113.151
345 120.796
345 110.375
346 120.796
346 110.927
346 113.151
346 123.069
346 110.375
347 123.069
347 120.027
347 113.151
347 109.535
347 108.587
348 120.027
348 123.069
348 113.151
348 109.535
348 108.587
349 120.027
349 108.541
349 109.535
349 123.069
349 113.151
350 120.027
350 109.535
350 107.391
350 123.069
350 113.08
351 109.535
351 119.754
351 107.391
351 122.849
351 113.08
352 119.754
352 109.366
352 106.999
352 122.849
352 113.08
353 119.754
353 109.366
353 106.999
353 122.844
353 113.08
354 119.754
354 109.366
354 106.999
354 113.08
354 122.844
355 119.754
355 106.999
355 109.366
355 113.08
355 122.844
356 119.754
356 106.687
356 112.911
356 109.366
356 122.209
357 119.754
357 112.911
357 109.366
357 106.6
357 122.209
358 112.911
358 109.366
358 119.754
358 106.6
358 122.215
359 119.754
359 109.366
359 112.911
359 106.6
359 121.393
360 106.486
360 121.393
360 112.911
360 109.366
360 119.754
361 120.989
361 109.366
361 119.754
361 111.114
361 106.486
362 120.989
362 119.574
362 111.114
362 109.366
362 106.4
363 120.989
363 119.731
363 111.114
363 109.366
363 106.4
364 120.989
364 111.114
364 109.366
364 119.731
364 106.4
365 120.989
365 111.114
365 109.366
365 106.4
365 119.731
366 120.989
366 110.729
366 106.351
366 109.366
366 118.696
367 120.989
367 110.729
367 106.351
367 109.366
367 119.731
368 120.989
368 110.729
368 106.351
368 109.366
368 119.731
369 120.989
369 110.729
369 106.351
369 108.586
369 119.731
370 120.989
370 110.729
370 106.334
370 108.586
370 119.159
371 120.989
371 106.351
371 110.729
371 119.159
371 108.235
372 120.989
372 110.729
372 106.334
372 118.943
372 108.235
373 120.989
373 105.407
373 110.729
373 116.986
373 108.586
374 120.898
374 110.532
374 105.311
374 116.986
374 108.235
375 105.311
375 116.986
375 120.898
375 108.586
375 109.683
376 105.311
376 108.586
376 116.986
376 120.898
376 109.683
377 108.586
377 116.986
377 105.311
377 109.683
377 120.168
378 108.118
378 109.557
378 105.311
378 116.986
378 120.898
379 108.118
379 105.311
379 109.557
379 120.898
379 116.986
380 108.118
380 109.557
380 105.311
380 116.986
380 120.898
381 108.118
381 109.557
381 105.311
381 116.986
381 120.898
382 108.118
382 109.557
382 105.311
382 116.986
382 120.898
383 107.348
383 109.118
383 105.311
383 116.575
383 120.898
384 108.118
384 108.992
384 116.575
384 104.952
384 120.898
385 108.118
385 109.118
385 118.994
385 116.575
385 105.311
386 106.869
386 109.454
386 116.575
386 105.311
386 118.994
387 106.986
387 109.454
387 115.562
387 105.311
387 118.898
388 106.986
388 109.253
388 105.311
388 116.575
388 118.898
389 108.631
389 106.986
389 105.311
389 116.575
389 118.898
390 105.311
390 108.631
390 118.458
390 106.986
390 116.575
391 108.631
391 116.575
391 116.598
391 106.986
391 105.311
392 108.631
392 115.966
392 106.986
392 116.598
392 105.087
393 108.631
393 106.986
393 115.966
393 105.087
393 116.868
394 108.631
394 106.377
394 105.062
394 115.966
394 116.598
395 108.631
395 103.521
395 115.966
395 104.655
395 116.598
396 108.631
396 106.377
396 115.966
396 104.655
396 116.598
397 108.631
397 115.815
397 106.258
397 104.655
397 116.598
398 108.631
398 106.338
398 115.852
398 103.939
398 116.598
399 108.631
399 106.145
399 114.993
399 103.939
399 116.279
400 108.631
400 106.338
400 110.04
400 103.939
400 115.775
401 108.631
401 106.338
401 110.279
401 103.939
401 114.707
402 108.462
402 105.229
402 110.279
402 103.939
402 115.53
403 110.279
403 105.229
403 103.895
403 108.462
403 115.524
404 103.939
404 104.838
404 110.279
404 108.462
404 115.524
405 103.939
405 115.524
405 107.337
405 104.838
405 110.279
406 104.838
406 108.462
406 103.939
406 110.279
406 114.611
407 103.939
407 104.838
407 114.611
407 108.462
407 110.279
408 104.838
408 103.939
408 114.611
408 108.462
408 109.918
409 103.722
409 108.462
409 114.611
409 103.939
409 109.918
410 114.611
410 104.113
410 103.939
410 108.462
410 109.918
411 114.611
411 103.939
411 103.722
411 108.462
411 109.613
412 113.872
412 103.722
412 103.939
412 108.462
412 109.918
413 114.607
413 103.939
413 103.722
413 108.462
413 109.918
414 103.939
414 114.607
414 108.462
414 103.722
414 109.918
415 103.939
415 108.226
415 113.998
415 103.722
415 109.918
416 103.939
416 108.226
416 103.722
416 113.998
416 109.918
417 103.939
417 108.226
417 113.084
417 103.722
417 106.938
418 103.784
418 113.998
418 108.226
418 103.722
418 106.281
419 113.998
419 107.798
419 103.784
419 103.722
419 106.281
420 103.784
420 106.281
420 103.542
420 113.275
420 107.73
421 103.542
421 107.73
421 106.281
421 103.784
421 113.998
422 107.73
422 103.542
422 113.998
422 106.281
422 103.457
423 107.73
423 103.542
423 103.177
423 113.998
423 106.281
424 107.336
424 103.542
424 103.177
424 113.998
424 106.281
425 107.336
425 103.542
425 106.175
425 103.177
425 113.701
426 107.336
426 103.542
426 106.175
426 102.85
426 113.701
427 103.542
427 107.336
427 105.386
427 102.85
427 113.701
428 103.542
428 107.27
428 106.175
428 102.85
428 113.701
429 103.542
429 107.156
429 106.175
429 102.85
429 113.6
430 102.652
430 107.336
430 106.175
430 102.85
430 113.701
431 102.652
431 107.336
431 106.175
431 102.85
431 113.701
432 107.336
432 102.652
432 102.45
432 106.175
432 113.701
433 107.336
433 102.85
433 101.231
433 106.175
433 112.448
434 107.336
434 102.85
434 101.206
434 106.175
434 113.2
435 102.85
435 113.2
435 107.156
435 106.175
435 101.206
436 106.175
436 107.156
436 101.206
436 102.85
436 113.2
437 106.175
437 107.156
437 100.906
437 102.85
437 113.064
438 106.175
438 99.4595
438 107.156
438 102.809
438 113.064
439 106.175
439 102.809
439 99.4595
439 106.784
439 112.666
440 99.4595
440 106.175
440 102.809
440 106.784
440 112.666
441 98.4156
441 106.175
441 102.679
441 106.784
441 111.488
442 98.4156
442 106.175
442 102.679
442 111.939
442 106.499
443 106.175
443 102.679
443 111.445
443 98.0645
443 106.499
444 105.767
444 102.679
444 106.128
444 98.4156
444 111.445
445 105.767
445 106.128
445 102.656
445 98.4156
445 110.692
446 105.767
446 101.79
446 106.128
446 98.4156
446 110.692
447 105.767
447 106.128
447 102.646
447 110.692
447 98.3892
448 105.634
448 102.656
448 106.128
448 110.692
448 98.3892
449 105.767
449 102.656
449 106.128
449 110.649
449 98.0381
450 102.377
450 105.767
450 97.5741
450 110.649
450 106.057
451 110.649
451 102.377
451 106.057
451 105.767
451 97.5741
452 110.649
452 102.17
452 105.435
452 105.767
452 97.5741
453 109.838
453 102.377
453 103.849
453 105.767
453 97.5741
454 109.838
454 102.377
454 105.767
454 103.849
454 97.1717
455 109.838
455 102.377
455 105.767
455 103.849
455 97.5228
456 109.838
456 102.279
456 105.767
456 103.849
456 97.2403
457 109.757
457 102.279
457 105.767
457 103.849
457 97.2403
458 109.155
458 102.279
458 105.72
458 103.849
458 96.5745
459 109.023
459 102.164
459 105.72
459 103.68
459 96.5745
460 108.942
460 102.164
460 105.72
460 103.68
460 96.5745
461 108.942
461 102.164
461 105.72
461 103.68
461 96.5745
462 108.942
462 102.164
462 105.72
462 103.68
462 96.5745
463 108.942
463 102.164
463 105.72
463 103.68
463 96.3453
464 108.942
464 102.164
464 105.72
464 103.68
464 96.3453
465 96.3453
465 102.164
465 103.68
465 105.72
465 107.908
466 103.68
466 96.2209
466 102.164
466 105.72
466 107.908
467 96.2209
467 101.884
467 103.68
467 107.908
467 105.72
468 101.884
468 96.2209
468 103.68
468 107.908
468 105.72
469 101.884
469 103.68
469 96.2209
469 107.908
469 105.72
470 103.68
470 101.884
470 96.2209
470 105.72
470 106.994
471 103.68
471 101.884
471 96.2209
471 105.72
471 106.994
472 103.68
472 96.2209
472 101.884
472 106.994
472 105.72
473 103.68
473 101.884
473 96.211
473 105.72
473 106.994
474 103.68
474 101.799
474 96.211
474 106.994
474 105.72
475 103.68
475 101.884
475 95.8754
475 105.72
475 106.994
476 103.68
476 96.211
476 100.667
476 105.72
476 106.677
477 103.68
477 96.211
477 100.667
477 104.836
477 106.016
478 103.441
478 96.211
478 100.667
478 105.336
478 106.016
479 103.441
479 96.211
479 99.7454
479 105.336
479 106.016
480 100.667
480 106.016
480 96.211
480 105.25
480 103.441
481 105.288
481 105.228
481 103.441
481 100.667
481 96.211
482 103.117
482 105.228
482 96.211
482 105.288
482 100.638
483 105.228
483 103.441
483 100.108
483 96.211
483 105.288
484 105.228
484 96.211
484 103.441
484 105.199
484 100.108
485 96.211
485 103.441
485 105.228
485 105.199
485 100.05
486 105.228
486 96.211
486 103.441
486 100.05
486 105.199
487 105.228
487 103.441
487 95.8598
487 105.199
487 100.05
488 105.228
488 103.441
488 95.8598
488 100.05
488 105.199
489 103.441
489 105.228
489 100.05
489 95.8598
489 105.199
490 103.441
490 105.228
490 100.05
490 95.8598
490 105.199
491 104.273
491 100.05
491 103.441
491 96.211
491 105.199
492 104.273
492 100.05
492 103.441
492 96.211
492 103.791
493 104.273
493 100.05
493 103.134
493 96.211
493 104.41
494 99.1655
494 104.273
494 103.123
494 96.211
494 104.41
495 99.1655
495 104.273
495 103.088
495 104.055
495 96.211
496 104.055
496 104.273
496 101.485
496 96.211
496 99.1655
497 104.055
497 99.1655
497 104.273
497 102.023
497 96.211
498 104.055
498 99.1655
498 96.211
498 104.273
498 102.023
499 104.055
499 99.1655
499 103.957
499 95.8598
499 102.023
500 104.055
500 99.1655
500 95.8598
500 102.021
500 103.957
501 103.837
501 99.1655
501 103.957
501 95.8598
501 102.021
502 103.998
502 99.1655
502 96.211
502 102.021
502 103.616
503 103.998
503 99.1655
503 95.7075
503 103.957
503 102.021
504 103.998
504 98.784
504 95.7075
504 102.623
504 102.021
505 97.6071
505 103.998
505 95.7075
505 102.964
505 102.021
506 97.6071
506 103.998
506 95.7075
506 102.964
506 102.021
507 97.6071
507 95.7075
507 103.998
507 102.964
507 102.021
508 97.6071
508 103.998
508 95.7075
508 102.964
508 102.021
509 97.6071
509 103.945
509 95.7075
509 102.964
509 100.711
510 97.6071
510 102.964
510 103.945
510 102.021
510 95.7075
511 95.3564
511 97.6071
511 103.945
511 102.021
511 102.876
512 97.6071
512 102.021
512 95.5331
512 103.945
512 102.876
513 102.021
513 97.6071
513 95.2881
513 103.945
513 102.477
514 95.2881
514 101.532
514 103.945
514 97.6071
514 102.477
515 101.907
515 95.1114
515 103.945
515 97.6071
515 102.477
516 101.907
516 103.945
516 97.6071
516 95.1114
516 102.477
517 101.907
517 97.6071
517 103.945
517 94.7793
517 102.477
518 103.945
518 102.312
518 101.907
518 94.7793
518 97.6071
519 103.945
519 101.7
519 97.6071
519 102.312
519 94.7793
520 101.814
520 97.6071
520 103.032
520 94.7793
520 102.312
521 101.7
521 102.943
521 94.7793
521 97.6071
521 102.312
522 102.828
522 101.7
522 97.6071
522 101.587
522 94.7793
523 101.7
523 101.587
523 102.828
523 97.6071
523 94.7793
524 101.7
524 97.6071
524 102.828
524 101.587
524 94.7793
525 97.6071
525 101.7
525 102.828
525 101.587
525 94.7793
526 101.587
526 101.7
526 102.828
526 94.7793
526 97.6071
527 102.828
527 101.7
527 94.7793
527 101.587
527 97.6071
528 101.7
528 102.828
528 94.7793
528 97.4582
528 101.587
529 102.828
529 101.7
529 94.7793
529 97.4582
529 101.587
530 102.828
530 94.7793
530 101.7
530 97.4582
530 101.587
531 102.828
531 101.7
531 94.7793
531 97.4582
531 101.525
532 102.828
532 101.7
532 94.7716
532 97.4582
532 101.525
533 102.209
533 101.7
533 94.7716
533 97.4582
533 100.959
534 102.209
534 100.718
534 94.7716
534 100.897
534 97.4582
535 102.209
535 100.718
535 94.7716
535 100.826
535 97.4582
536 102.209
536 94.7716
536 100.718
536 100.826
536 97.4582
537 102.209
537 100.718
537 94.7716
537 97.4582
537 100.826
538 102.209
538 100.718
538 94.7716
538 97.4582
538 100.826
539 102.209
539 100.519
539 94.7716
539 97.4582
539 100.826
540 100.29
540 97.4582
540 94.7716
540 100.764
540 102.209
541 97.4582
541 100.431
541 94.7716
541 100.667
541 100.519
542 98.4796
542 94.6175
542 97.3891
542 100.667
542 100.431
543 98.4796
543 100.431
543 94.0822
543 97.3891
543 100.667
544 94.0822
544 98.4796
544 100.431
544 97.3891
544 100.667
545 93.5445
545 98.4796
545 100.431
545 97.3891
545 100.667
546 93.5445
546 98.4796
546 100.431
546 97.3891
546 100.667
547 93.5445
547 98.4796
547 100.431
547 97.3891
547 100.667
548 93.5445
548 98.4796
548 100.29
548 97.3891
548 100.667
549 93.5428
549 96.6325
549 97.3891
549 100.29
549 100.667
550 93.5445
550 96.6325
550 97.3891
550 100.29
550 100.667
551 93.5445
551 96.1944
551 100.29
551 97.3891
551 100.667
552 93.5445
552 96.082
552 100.29
552 97.3891
552 100.667
553 93.5445
553 96.1944
553 100.667
553 100.29
553 97.3891
554 93.5445
554 96.1944
554 100.667
554 100.29
554 97.3891
555 97.3356
555 96.1944
555 93.5445
555 100.29
555 100.667
556 97.3891
556 96.1944
556 100.29
556 93.5445
556 100.667
557 96.1944
557 97.3891
557 100.29
557 93.5445
557 100.667
558 96.1944
558 97.3891
558 100.29
558 93.5445
558 100.667
559 96.086
559 97.3356
559 100.29
559 93.5445
559 100.648
560 100.29
560 97.3356
560 96.086
560 93.5445
560 100.648
561 100.29
561 96.0461
561 97.3356
561 93.5445
561 100.235
562 100.29
562 96.0461
562 97.3356
562 92.4003
562 100.235
563 100.29
563 97.3356
563 95.9548
563 93.5445
563 100.235
564 100.286
564 95.9548
564 97.3356
564 93.5445
564 100.235
565 100.286
565 97.3356
565 95.9548
565 93.5428
565 100.235
566 100.286
566 97.3356
566 95.9548
566 93.5445
566 100.214
567 100.286
567 97.3356
567 95.9548
567 100.214
567 93.5445
568 100.286
568 95.9548
568 97.3356
568 100.214
568 93.3852
569 95.9548
569 97.3356
569 100.286
569 100.214
569 93.5445
570 97.3356
570 95.9548
570 93.3887
570 100.214
570 100.286
571 93.3887
571 100.214
571 95.9548
571 100.286
571 97.3356
572 93.3887
572 95.9548
572 100.214
572 97.3356
572 100.286
573 95.9548
573 100.214
573 97.3356
573 93.1782
573 100.286
574 97.3356
574 100.214
574 95.9548
574 93.1799
574 100.286
575 97.3356
575 100.214
575 93.1799
575 95.9548
575 100.286
576 97.3356
576 95.9548
576 100.214
576 93.1799
576 100.286
577 97.3356
577 95.9548
577 100.214
577 93.1799
577 100.286
578 97.0684
578 93.1799
578 95.8223
578 100.214
578 100.286
579 97.0684
579 95.8223
579 93.1799
579 100.214
579 100.286
580 97.0684
580 100.063
580 95.8223
580 93.1799
580 100.286
581 97.0684
581 100.037
581 93.1799
581 100.286
581 95.8223
582 97.0684
582 100.004
582 99.5334
582 93.1799
582 95.8223
583 97.0684
583 99.9965
583 99.5334
583 95.8223
583 93.1799
584 97.0684
584 99.5334
584 93.1799
584 95.8223
584 99.9965
585 97.0684
585 99.9965
585 95.8223
585 99.5334
585 93.1799
586 93.1799
586 99.5334
586 96.6343
586 95.8223
586 99.9965
587 93.0163
587 95.8223
587 99.5334
587 97.0684
587 99.9965
588 95.8223
588 99.9965
588 93.0163
588 97.0684
588 99.5334
589 95.8223
589 99.5334
589 99.8513
589 97.0684
589 93.0163
590 95.8223
590 99.8513
590 99.5334
590 97.0684
590 93.0146
591 95.8223
591 99.5334
591 97.0684
591 99.6165
591 93.0163
592 95.8223
592 99.5334
592 97.0684
592 93.0163
592 99.6165
593 95.4375
593 99.5334
593 97.0684
593 99.6165
593 93.0163
594 94.945
594 99.2176
594 97.0684
594 98.6408
594 93.0163
595 94.945
595 98.9537
595 97.0684
595 98.6408
595 93.0163
596 94.945
596 99.2176
596 96.6419
596 98.6408
596 93.0163
597 94.945
597 99.2176
597 98.6408
597 96.6419
597 93.0163
598 94.945
598 99.2176
598 98.6408
598 93.0163
598 96.6419
599 94.7691
599 98.2273
599 98.6408
599 96.6419
599 93.0163
600 96.6177
600 99.2176
600 98.6408
600 93.0163
600 94.945
601 99.2176
601 93.0163
601 98.6408
601 94.945
601 96.6177
602 98.6408
602 94.945
602 93.0163
602 99.2176
602 96.6177
603 98.6408
603 96.6177
603 94.945
603 93.0163
603 99.2176
604 98.6408
604 94.945
604 96.6177
604 93.0163
604 99.2176
605 98.6408
605 94.945
605 96.6177
605 93.0163
605 98.6173
606 98.6408
606 94.945
606 96.6177
606 93.0163
606 98.6173
607 98.6408
607 96.6177
607 94.945
607 93.0163
607 98.6173
608 98.6408
608 96.6177
608 94.945
608 93.0146
608 98.6173
609 98.6408
609 94.945
609 96.6177
609 93.0146
609 98.6173
610 98.6408
610 96.6177
610 94.945
610 93.0146
610 98.6173
611 98.6408
611 96.6177
611 93.0146
611 94.945
611 98.6173
612 98.6408
612 96.6177
612 94.945
612 93.0146
612 98.6173
613 98.6408
613 96.6177
613 94.945
613 93.0146
613 98.6173
614 98.6408
614 96.6177
614 93.0146
614 94.945
614 98.6173
615 98.5367
615 96.6177
615 92.6408
615 94.945
615 98.6408
616 92.6408
616 94.945
616 96.6177
616 98.5367
616 98.6408
617 98.5367
617 94.945
617 96.2104
617 92.6408
617 98.277
618 94.945
618 98.5367
618 96.2104
618 92.6408
618 98.1085
619 98.5367
619 92.6408
619 94.945
619 96.2104
619 98.1085
620 94.945
620 98.5367
620 92.6408
620 97.7446
620 95.5602
621 94.5662
621 98.5367
621 92.6408
621 96.2104
621 97.7446
622 98.5367
622 94.5662
622 92.6408
622 97.7446
622 96.0227
623 98.5367
623 94.5662
623 95.1528
623 92.6408
623 97.7446
624 94.5662
624 94.9652
624 92.6408
624 98.5367
624 97.1609
625 94.5662
625 98.5367
625 92.6408
625 95.1528
625 97.1609
626 94.5662
626 92.6408
626 98.5367
626 95.1528
626 97.1609
627 94.5662
627 95.1528
627 92.5846
627 98.5367
627 97.1609
628 94.5662
628 95.1528
628 98.5367
628 97.1609
628 91.8636
629 94.5662
629 95.1528
629 98.5367
629 97.1609
629 91.8636
630 95.1528
630 91.8636
630 97.1609
630 94.5662
630 98.5367
631 98.5367
631 95.1528
631 94.5662
631 97.1609
631 91.4391
632 98.5367
632 94.5662
632 97.1609
632 95.1528
632 91.4391
633 97.1609
633 98.5367
633 95.1528
633 94.5662
633 91.4391
634 98.5367
634 95.1528
634 97.0612
634 94.5662
634 91.4391
635 98.5367
635 97.0612
635 94.5662
635 95.1528
635 91.4391
636 98.5367
636 95.1528
636 97.0612
636 91.4391
636 94.041
637 98.5252
637 95.1528
637 97.0612
637 91.4391
637 94.041
638 98.5252
638 95.0854
638 91.4391
638 97.0612
638 94.041
639 98.5252
639 95.1528
639 96.9365
639 90.5134
639 94.041
640 98.5252
640 93.8967
640 90.5134
640 97.0612
640 94.041
641 98.5252
641 94.0623
641 90.5134
641 97.0612
641 94.041
642 97.0612
642 98.5252
642 94.0623
642 90.5134
642 94.041
643 90.5134
643 94.0623
643 98.5252
643 96.9262
643 94.041
644 92.9799
644 90.5134
644 98.5252
644 96.9262
644 92.3507
645 92.9799
645 96.9262
645 92.3507
645 98.5252
645 90.5134
646 89.8856
646 98.5252
646 92.3507
646 96.911
646 92.9799
647 98.5252
647 89.7598
647 92.3507
647 92.9799
647 96.911
648 98.5252
648 92.3507
648 92.9799
648 89.7598
648 96.911
649 98.5252
649 89.7598
649 92.3507
649 92.9799
649 96.3491
650 98.5252
650 89.7598
650 92.3507
650 92.9799
650 96.3491
651 98.5252
651 89.7598
651 96.3491
651 92.3507
651 92.9799
652 98.5252
652 89.7598
652 96.3491
652 92.3507
652 92.9799
653 98.5252
653 89.7598
653 92.9799
653 96.3491
653 92.3507
654 98.5252
654 89.7598
654 92.9799
654 96.3491
654 92.3507
655 98.5252
655 89.7598
655 92.9799
655 96.3491
655 92.2979
656 98.5252
656 89.7598
656 92.9799
656 96.3491
656 92.2979
657 98.5252
657 92.9799
657 89.7598
657 96.3491
657 92.2979
658 98.5252
658 92.9799
658 89.7598
658 96.3491
658 92.1859
659 98.303
659 89.7598
659 92.9799
659 96.3491
659 92.067
660 92.9799
660 92.067
660 98.303
660 89.7598
660 96.3491
661 92.067
661 89.7598
661 92.9799
661 96.3491
661 98.303
662 89.7598
662 92.067
662 96.3491
662 92.9799
662 98.303
663 96.3491
663 92.9799
663 92.067
663 89.7598
663 97.7786
664 92.067
664 92.9799
664 96.3491
664 89.7598
664 97.7786
665 92.9799
665 92.067
665 89.7598
665 96.3491
665 98.303
666 92.067
666 89.7598
666 96.3491
666 92.8766
666 98.303
667 92.067
667 89.6681
667 96.3491
667 98.303
667 92.8766
668 89.6681
668 92.067
668 96.3491
668 97.6485
668 92.6066
669 89.3816
669 92.067
669 96.3491
669 97.6485
669 92.8766
670 89.6681
670 92.067
670 96.3491
670 97.6485
670 92.8766
671 92.067
671 96.3491
671 97.6485
671 89.6681
671 92.8766
672 92.067
672 89.6681
672 96.3491
672 97.6485
672 92.8766
673 92.067
673 89.6681
673 97.6485
673 96.3491
673 92.8766
674 89.1324
674 92.067
674 97.6485
674 96.3491
674 92.8766
675 92.8766
675 96.3491
675 92.067
675 89.1324
675 97.6485
676 96.3491
676 92.067
676 89.1324
676 92.8766
676 97.6485
677 97.6485
677 92.067
677 89.1324
677 92.8766
677 96.3491
678 92.067
678 96.3491
678 97.6485
678 89.1324
678 92.8766
679 92.067
679 96.3491
679 92.8766
679 96.9467
679 89.1324
680 96.3491
680 92.067
680 92.8766
680 88.7792
680 96.9467
681 96.3491
681 88.7792
681 96.5788
681 92.6861
681 92.067
682 96.5788
682 96.3491
682 92.067
682 88.7792
682 92.6861
683 96.3491
683 92.067
683 96.5788
683 88.7792
683 92.6861
684 92.067
684 96.5788
684 96.3491
684 88.7792
684 92.6861
685 96.5372
685 91.6438
685 88.7792
685 96.3491
685 92.6861
686 96.5372
686 91.6438
686 95.8053
686 88.7792
686 92.5554
687 96.5372
687 91.6438
687 95.8053
687 88.7792
687 92.5554
688 96.5372
688 91.6438
688 95.8053
688 88.7792
688 92.5554
689 96.5372
689 91.6438
689 95.8053
689 88.7792
689 92.5554
690 92.5158
690 91.6438
690 95.8053
690 88.7792
690 96.5372
691 88.7792
691 95.5849
691 92.1403
691 91.6438
691 95.8053
692 95.5849
692 92.1403
692 91.6438
692 88.692
692 95.8053
693 95.5849
693 88.692
693 92.1403
693 95.8053
693 91.6438
694 95.5849
694 95.8053
694 88.1264
694 91.6438
694 92.1403
695 95.8053
695 88.1264
695 95.5849
695 92.1403
695 91.6033
696 95.8053
696 95.5849
696 88.1264
696 91.6033
696 92.1403
697 95.8053
697 95.5849
697 88.1264
697 91.6033
697 91.5052
698 95.5849
698 95.7102
698 91.6033
698 91.8806
698 88.1264
699 95.7102
699 95.5849
699 91.6033
699 91.5052
699 88.1264
700 95.4975
700 95.7102
700 91.6033
700 91.5052
700 87.911
701 95.4975
701 95.4939
701 91.6033
701 91.5052
701 87.911
702 95.4975
702 95.4939
702 91.6033
702 91.5052
702 87.911
703 95.4975
703 95.4939
703 91.6033
703 91.5052
703 87.911
704 95.4975
704 90.1667
704 94.6627
704 87.911
704 91.5052
705 90.8496
705 87.911
705 90.1667
705 94.6627
705 95.3361
706 87.911
706 90.1667
706 95.4975
706 91.5052
706 94.6627
707 95.4338
707 87.5688
707 90.1667
707 91.5052
707 94.2889
708 87.5688
708 90.1667
708 95.3564
708 94.2889
708 91.5052
709 87.5688
709 90.1667
709 95.3837
709 94.2889
709 91.5052
710 87.5688
710 90.1667
710 95.3837
710 90.9812
710 94.2889
711 87.5688
711 90.1667
711 94.2889
711 90.9812
711 95.3837
712 90.1667
712 87.5688
712 94.2889
712 95.3837
712 90.9812
713 90.1667
713 87.5688
713 94.2889
713 95.3837
713 90.9812
714 94.2889
714 89.1998
714 87.5688
714 93.7957
714 90.9812
715 87.4504
715 89.1998
715 94.2889
715 93.7957
715 88.7052
716 87.4504
716 89.1998
716 94.2889
716 93.7957
716 88.7052
717 89.1998
717 93.7957
717 87.4504
717 94.2889
717 88.7052
718 92.9261
718 89.1998
718 87.4504
718 94.2889
718 88.7052
719 92.9261
719 87.4504
719 89.1998
719 94.2889
719 88.7052
720 88.7052
720 89.1543
720 94.2889
720 87.4504
720 92.9261
721 88.7052
721 89.1543
721 92.9261
721 87.4504
721 94.2889
722 88.7052
722 89.1543
722 94.2889
722 92.9261
722 87.4504
723 89.1543
723 88.7052
723 94.2889
723 87.4504
723 92.9261
724 88.7052
724 89.1543
724 92.9261
724 87.4504
724 94.2889
725 89.1543
725 88.7052
725 92.9261
725 87.4504
725 94.2889
726 89.1543
726 88.7052
726 87.4504
726 92.9261
726 94.2889
727 89.1543
727 92.9261
727 88.7052
727 87.4504
727 94.2889
728 89.1543
728 92.9261
728 88.7052
728 87.3834
728 94.2889
729 87.9566
729 87.3834
729 89.1543
729 92.9261
729 94.2889
730 87.3834
730 87.9566
730 89.1543
730 92.9261
730 94.2889
731 87.9566
731 89.1543
731 87.3834
731 92.2802
731 94.2889
732 87.2741
732 87.9566
732 89.1543
732 92.2802
732 94.2889
733 87.2741
733 94.2889
733 89.1543
733 87.9566
733 92.2802
734 89.1543
734 94.2889
734 87.2741
734 87.9172
734 92.2802
735 87.9566
735 94.2889
735 92.2802
735 87.2741
735 89.0695
736 94.2889
736 89.0695
736 87.9566
736 92.2802
736 87.2741
737 87.9566
737 93.974
737 87.2741
737 92.2802
737 89.0695
738 93.974
738 87.9167
738 87.2741
738 87.0591
738 92.2802
739 93.974
739 87.9167
739 92.2802
739 87.2741
739 86.708
740 93.974
740 87.9167
740 87.2741
740 92.2802
740 86.708
741 93.974
741 87.9167
741 92.2802
741 87.2741
741 86.708
742 93.974
742 87.9167
742 92.2802
742 87.2741
742 86.708
743 87.9167
743 93.9486
743 92.2802
743 87.2741
743 86.708
744 93.9486
744 87.7507
744 92.2802
744 87.2741
744 86.708
745 93.9486
745 87.9167
745 92.2802
745 87.2741
745 85.8768
746 93.9486
746 92.2802
746 87.6853
746 87.2741
746 85.6862
747 93.9486
747 92.2802
747 87.6853
747 87.2741
747 85.8768
748 92.2184
748 93.5819
748 87.6853
748 85.8768
748 87.2741
749 87.6853
749 92.2184
749 93.6469
749 85.8768
749 87.2741
750 87.6853
750 91.5195
750 93.6469
750 85.8768
750 87.2741
751 93.6469
751 87.6853
751 87.2741
751 91.5195
751 85.8768
752 93.6469
752 87.2741
752 87.6853
752 91.5195
752 85.8768
753 93.6469
753 87.2741
753 87.6853
753 90.7445
753 85.8768
754 93.6001
754 87.2741
754 87.6853
754 90.5102
754 85.8768
755 93.0371
755 87.2741
755 87.6853
755 90.7445
755 85.8768
756 93.0371
756 90.7445
756 87.2741
756 87.4784
756 85.8768
757 93.0371
757 87.2741
757 90.7445
757 87.4784
757 85.8768
758 93.0371
758 90.7445
758 87.4784
758 87.2741
758 85.8768
759 93.0371
759 90.7445
759 87.2741
759 87.1775
759 85.8768
760 92.9292
760 90.7445
760 87.4784
760 86.8776
760 85.8768
761 92.9292
761 90.7445
761 87.4784
761 86.8776
761 85.8768
762 92.9292
762 90.7445
762 87.4784
762 86.8776
762 85.8768
763 90.7445
763 92.9292
763 87.4784
763 86.8776
763 85.8768
764 90.7445
764 92.9292
764 87.4784
764 86.8776
764 85.8768
765 86.8776
765 87.4784
765 92.9292
765 85.8768
765 90.7445
766 85.8768
766 90.0562
766 87.4784
766 92.9292
766 86.8776
767 85.8768
767 86.8776
767 89.8576
767 92.9292
767 87.4784
768 85.8768
768 92.8456
768 87.4784
768 89.8576
768 86.8776
769 85.8696
769 92.8456
769 89.8576
769 87.4784
769 86.8776
770 92.8456
770 85.8696
770 87.4784
770 86.8776
770 89.8576
771 92.8456
771 85.8696
771 89.8576
771 87.4784
771 86.8776
772 85.8696
772 92.8456
772 89.8576
772 87.4784
772 86.8776
773 85.8696
773 89.8576
773 92.8456
773 87.4784
773 86.8776
774 85.8696
774 89.8576
774 87.4784
774 92.8456
774 86.8776
775 89.8576
775 85.8696
775 87.4784
775 92.8456
775 86.8776
776 89.8576
776 85.8696
776 87.4784
776 92.8456
776 86.8776
777 89.8576
777 85.8696
777 87.4784
777 86.8776
777 92.8456
778 85.8696
778 89.8576
778 86.8776
778 87.4784
778 92.8456
779 85.8696
779 89.8576
779 86.8776
779 87.4784
779 92.8456
780 87.4784
780 89.8576
780 85.8696
780 86.8776
780 92.8456
781 87.4784
781 89.8576
781 85.8696
781 92.8456
781 86.8776
782 87.4784
782 85.8696
782 86.8776
782 89.8576
782 92.8456
783 87.4784
783 85.8696
783 86.8776
783 88.9586
783 92.8456
784 87.4784
784 86.8776
784 89.8576
784 85.8696
784 92.8456
785 87.4211
785 89.8576
785 86.8776
785 92.8456
785 85.8696
786 87.1822
786 89.8576
786 86.8776
786 92.8456
786 85.8696
787 87.4211
787 89.8576
787 86.8776
787 92.8456
787 85.8696
788 87.4211
788 89.8576
788 86.8776
788 92.8456
788 85.8696
789 87.4211
789 89.8576
789 86.8776
789 92.8456
789 85.8696
790 87.4211
790 89.8124
790 92.8456
790 85.8696
790 86.8776
791 87.4211
791 89.8124
791 86.8776
791 92.8456
791 85.8696
792 87.4211
792 89.8124
792 86.8776
792 85.8696
792 92.8456
793 87.4211
793 89.8124
793 86.8776
793 85.8696
793 92.8456
794 87.4211
794 89.8124
794 86.8776
794 85.8696
794 92.8456
795 87.4211
795 89.8124
795 85.8696
795 86.8776
795 92.8456
796 87.4211
796 92.8456
796 89.8124
796 85.8696
796 86.8776
797 86.8776
797 85.8696
797 89.8124
797 87.3448
797 92.8456
798 85.8696
798 89.8124
798 87.3448
798 86.7121
798 92.8456
799 92.8456
799 86.7121
799 89.8124
799 84.5618
799 87.1202
800 92.8456
800 86.7121
800 89.8124
800 84.6044
800 87.0439
801 92.8456
801 86.7121
801 89.8124
801 84.6044
801 87.0439
802 92.8456
802 86.7121
802 89.8124
802 84.6044
802 86.8822
803 92.8337
803 86.7121
803 87.0439
803 89.8124
803 84.6044
804 92.8337
804 86.7121
804 87.0439
804 89.8124
804 84.6044
805 92.8337
805 86.7121
805 89.8124
805 84.6044
805 87.0439
806 92.8337
806 86.7121
806 84.6044
806 89.8124
806 87.0439
807 92.8337
807 86.619
807 84.6044
807 87.0439
807 89.8124
808 92.2973
808 86.7121
808 89.8124
808 84.6044
808 87.0439
809 92.2973
809 86.7121
809 87.0439
809 89.8124
809 84.6044
810 87.0439
810 89.8124
810 86.7121
810 84.6044
810 92.2973
811 91.7744
811 86.7121
811 87.0439
811 89.8124
811 84.6044
812 91.7744
812 86.7121
812 89.8124
812 87.0439
812 84.6044
813 91.7744
813 86.2072
813 89.8124
813 87.0439
813 84.6044
814 91.7744
814 86.7121
814 89.8124
814 87.0439
814 84.6044
815 91.7744
815 86.7121
815 87.0439
815 89.8124
815 84.6044
816 91.7744
816 86.7121
816 87.0439
816 89.8124
816 84.6044
817 91.3969
817 86.7121
817 86.9852
817 89.8124
817 84.6044
818 91.3969
818 86.7121
818 87.0203
818 89.8124
818 84.6044
819 91.3969
819 86.7121
819 87.0439
819 89.8124
819 84.6044
820 91.3969
820 86.7121
820 87.0439
820 89.8124
820 84.6044
821 91.3969
821 86.7121
821 87.0439
821 89.8124
821 84.6044
822 91.3969
822 86.7121
822 87.0439
822 89.8124
822 84.6044
823 86.7121
823 91.3969
823 87.0439
823 89.8124
823 84.6044
824 91.3969
824 86.7121
824 87.0439
824 89.8124
824 84.6044
825 87.0439
825 84.6044
825 89.8124
825 86.7121
825 91.3969
826 89.8124
826 84.6044
826 91.3969
826 86.5705
826 87.0439
827 91.3969
827 89.8124
827 87.0439
827 84.6044
827 86.5705
828 91.3969
828 84.6044
828 87.0439
828 89.8124
828 86.2638
829 91.3969
829 84.2364
829 89.8124
829 86.5705
829 87.0439
830 91.3969
830 89.8124
830 84.2364
830 86.5705
830 87.0439
831 89.8124
831 91.1158
831 84.2364
831 87.0439
831 86.1745
832 89.8124
832 91.1158
832 84.2364
832 86.1745
832 87.0439
833 91.1158
833 89.8124
833 84.2364
833 87.0439
833 86.1745
834 91.1158
834 84.2364
834 89.8124
834 87.0439
834 86.1745
835 89.8124
835 84.2364
835 91.1158
835 87.0439
835 86.1745
836 91.1158
836 83.3211
836 89.8124
836 87.0439
836 86.1745
837 91.1158
837 89.8124
837 83.3211
837 86.1745
837 87.0439
838 89.8124
838 91.1158
838 83.3211
838 86.1745
838 87.0439
839 91.1158
839 89.8124
839 83.3211
839 86.1745
839 87.0439
840 87.0439
840 86.1745
840 89.8124
840 83.3211
840 91.1158
841 89.8124
841 91.1158
841 83.3211
841 87.0439
841 86.1745
842 87.0439
842 89.8124
842 83.3211
842 91.1158
842 86.1745
843 90.4741
843 89.8124
843 83.3211
843 87.0439
843 86.1745
844 90.4741
844 89.8124
844 83.3211
844 87.0203
844 86.1745
845 90.4741
845 89.8124
845 87.0439
845 83.3211
845 86.1745
846 90.4741
846 87.0203
846 89.8124
846 83.3211
846 86.1745
847 89.8124
847 90.4741
847 87.0203
847 83.3211
847 86.1745
848 90.4741
848 89.8124
848 87.0203
848 83.3211
848 86.1745
849 90.4741
849 89.8124
849 87.0203
849 83.3211
849 86.1745
850 90.4741
850 89.8124
850 83.3211
850 87.0203
850 86.1745
851 90.4741
851 89.8124
851 83.3211
851 87.0203
851 86.1745
852 90.4741
852 88.0227
852 83.1638
852 87.0203
852 86.1745
853 90.4741
853 88.0227
853 83.1638
853 87.0203
853 86.1745
854 90.4741
854 88.0227
854 83.1638
854 87.0203
854 86.1745
855 87.0203
855 86.1745
855 90.4741
855 88.0227
855 83.1638
856 90.4741
856 88.0227
856 86.1745
856 83.1638
856 87.0203
857 88.0227
857 90.4741
857 83.1638
857 86.1745
857 87.0203
858 88.0227
858 90.4741
858 86.1745
858 83.1638
858 87.0203
859 88.0227
859 90.4168
859 83.1638
859 86.1745
859 87.0203
860 90.4168
860 88.0227
860 83.1638
860 86.1745
860 87.0203
861 88.0227
861 90.4168
861 83.1638
861 86.1745
861 87.0203
862 90.4168
862 88.0227
862 83.1638
862 86.1745
862 87.0203
863 88.0227
863 83.1638
863 90.4168
863 86.0224
863 86.8893
864 88.0227
864 83.1638
864 90.4168
864 86.0224
864 86.8893
865 88.0227
865 83.0842
865 90.4168
865 86.0224
865 86.8893
866 88.0227
866 83.1638
866 90.4168
866 86.0224
866 86.8893
867 88.0227
867 83.1638
867 90.4168
867 86.0224
867 86.8893
868 88.0227
868 83.1638
868 90.4168
868 86.0224
868 86.8893
869 82.5667
869 88.0227
869 90.2163
869 86.0224
869 86.8893
870 86.8893
870 82.5667
870 88.0227
870 86.0224
870 90.2163
871 86.8893
871 88.0227
871 85.7053
871 82.5667
871 90.2163
872 86.411
872 85.7053
872 82.5667
872 88.0227
872 90.2163
873 85.7053
873 86.411
873 82.5667
873 88.0186
873 90.2163
874 85.7053
874 86.411
874 82.5667
874 90.2163
874 88.0227
875 82.5667
875 85.7053
875 88.0227
875 86.411
875 90.2163
876 82.2443
876 85.6266
876 87.7228
876 86.411
876 90.2163
877 85.6266
877 87.7228
877 82.2443
877 86.411
877 90.2163
878 82.2443
878 87.7228
878 85.6266
878 85.9509
878 90.2163
879 82.2443
879 87.7228
879 85.6266
879 85.9509
879 90.2163
880 82.2443
880 85.6266
880 87.7228
880 85.9509
880 90.0833
881 82.2443
881 85.6266
881 87.7228
881 85.9509
881 90.2163
882 82.2443
882 85.6266
882 87.7228
882 85.9509
882 89.616
883 82.1648
883 85.6266
883 87.7228
883 85.9509
883 89.616
884 82.2443
884 85.6266
884 87.7228
884 85.9509
884 89.616
885 85.9509
885 82.2443
885 87.7228
885 89.616
885 85.6266
886 82.2443
886 89.616
886 85.6266
886 85.9509
886 87.7228
887 85.6266
887 85.9509
887 87.7228
887 89.616
887 82.2443
888 85.6266
888 87.7228
888 85.9509
888 89.616
888 82.2443
889 85.6266
889 85.9509
889 87.7228
889 89.616
889 82.2443
890 85.6266
890 85.9509
890 89.2219
890 87.7228
890 82.2443
891 85.6266
891 87.7228
891 82.2443
891 89.2219
891 85.7669
892 85.6266
892 87.7228
892 89.2219
892 82.2443
892 85.7669
893 85.6266
893 87.7228
893 89.2219
893 82.2443
893 85.7669
894 85.6266
894 85.7669
894 87.7228
894 89.2219
894 82.2443
895 85.6266
895 85.7669
895 89.2219
895 87.7228
895 82.2443
896 85.6266
896 85.7669
896 87.7228
896 82.2443
896 89.2219
897 85.6266
897 85.7669
897 87.7228
897 82.2443
897 89.2219
898 85.6266
898 85.7669
898 82.2443
898 89.2219
898 87.7228
899 85.5707
899 85.7669
899 89.2219
899 82.2443
899 87.7228
900 85.7669
900 85.5707
900 87.7228
900 82.2443
900 89.2219
901 81.859
901 85.7669
901 85.5707
901 87.7228
901 89.2219
902 87.6137
902 85.5707
902 85.7669
902 81.859
902 89.2219
903 87.6137
903 85.5707
903 85.7669
903 81.859
903 89.2219
904 87.6137
904 85.5707
904 81.859
904 85.7669
904 89.2219
905 87.6137
905 84.9986
905 89.2219
905 81.859
905 85.7669
906 87.6137
906 85.5707
906 89.2219
906 81.859
906 85.7669
907 89.2219
907 87.6137
907 85.5707
907 81.859
907 84.0721
908 87.6137
908 89.2219
908 85.5707
908 81.859
908 84.0721
909 87.6137
909 89.2219
909 85.5707
909 81.859
909 84.0721
910 87.6137
910 89.2219
910 85.5707
910 84.0721
910 81.859
911 85.5707
911 81.859
911 89.2219
911 84.0721
911 87.6137
912 85.5707
912 89.2219
912 81.5351
912 84.0721
912 87.5971
913 81.5351
913 85.5707
913 87.5971
913 84.0721
913 89.2219
914 85.5707
914 81.5351
914 87.5971
914 89.2219
914 84.0721
915 84.0721
915 89.2172
915 85.5707
915 87.5971
915 81.5351
916 84.0721
916 85.5707
916 87.5971
916 81.5351
916 89.2219
917 85.5707
917 81.5351
917 84.0721
917 87.5971
917 89.2219
918 85.4762
918 84.0721
918 81.5351
918 87.5971
918 89.2219
919 81.5351
919 84.0721
919 87.5971
919 89.2219
919 85.5707
920 84.0721
920 81.5351
920 87.5971
920 89.2219
920 85.5707
921 84.0721
921 81.5351
921 87.1653
921 89.2219
921 85.5707
922 84.0721
922 87.0273
922 81.5351
922 89.2219
922 85.5707
923 83.9282
923 89.2219
923 87.0273
923 81.5351
923 85.5707
924 84.0721
924 89.2219
924 81.5351
924 87.0273
924 85.5707
925 84.0721
925 89.2219
925 87.0273
925 81.5351
925 85.5707
926 87.0273
926 89.2219
926 84.0721
926 81.5351
926 85.5707
927 83.9087
927 87.0273
927 89.2219
927 81.5351
927 85.5707
928 89.2219
928 87.0273
928 81.0981
928 85.5707
928 83.9087
929 89.2219
929 85.5707
929 83.9087
929 87.0273
929 81.0981
930 83.9087
930 89.2219
930 86.6755
930 85.5707
930 81.0981
931 83.9087
931 85.5707
931 81.0981
931 86.6755
931 89.2219
932 85.5707
932 83.9087
932 81.0981
932 86.6755
932 89.2219
933 83.9087
933 85.5707
933 86.6755
933 81.0981
933 89.2219
934 83.9087
934 85.5707
934 86.6755
934 81.0981
934 89.2219
935 83.9087
935 85.5707
935 86.6755
935 89.2219
935 81.0981
936 85.4836
936 83.9087
936 86.6755
936 89.2219
936 81.0981
937 85.4836
937 83.9087
937 86.6755
937 89.2219
937 81.0981
938 85.4836
938 83.9087
938 86.6755
938 81.0981
938 89.2219
939 85.4836
939 83.9087
939 86.6755
939 89.2219
939 81.0981
940 85.4836
940 83.9087
940 86.6755
940 89.2219
940 81.0981
941 85.4836
941 83.9087
941 89.2219
941 86.6755
941 81.0981
942 85.4836
942 83.9087
942 89.2219
942 86.6157
942 81.0981
943 85.4836
943 83.9087
943 89.2219
943 86.6157
943 80.1948
944 85.4836
944 83.7564
944 89.2219
944 86.6157
944 80.1948
945 83.7564
945 86.6157
945 89.2219
945 85.4836
945 80.1948
946 89.2219
946 86.6157
946 83.7564
946 85.4836
946 80.1948
947 89.2219
947 86.6157
947 85.4836
947 83.7564
947 80.1948
948 86.6157
948 89.2219
948 85.4836
948 83.7564
948 80.1948
949 86.6157
949 89.2219
949 85.4836
949 83.7564
949 80.1948
950 86.6157
950 89.2219
950 85.2835
950 83.7564
950 80.1948
951 86.6157
951 85.4836
951 89.2219
951 80.1948
951 83.7564
952 86.6157
952 85.4836
952 89.2219
952 80.1948
952 83.7564
953 86.6157
953 85.4836
953 89.2219
953 80.1948
953 83.7564
954 86.6157
954 85.4836
954 88.9529
954 80.1948
954 83.7564
955 86.6157
955 85.4836
955 88.9529
955 80.1948
955 83.7564
956 86.6157
956 85.4836
956 89.2219
956 80.1948
956 83.7564
957 86.6157
957 80.1948
957 85.4836
957 89.2219
957 83.7564
958 86.6157
958 85.4836
958 80.1948
958 89.2219
958 83.7564
959 86.6157
959 85.4836
959 89.2219
959 80.1948
959 83.3309
960 83.3309
960 89.2219
960 80.1948
960 86.6157
960 85.3395
961 80.1344
961 86.6157
961 85.3395
961 89.2219
961 83.3309
962 89.2219
962 80.1344
962 85.3395
962 86.6157
962 83.2439
963 89.2219
963 80.1344
963 85.3395
963 83.3309
963 86.6157
964 89.2219
964 85.3395
964 80.1344
964 83.3309
964 86.6157
965 89.2219
965 80.1344
965 85.3395
965 82.0642
965 86.6157
966 89.2219
966 85.0461
966 80.1344
966 86.6157
966 82.0642
967 89.2219
967 85.3395
967 80.1344
967 86.6157
967 82.0642
968 89.2219
968 85.245
968 80.1344
968 86.6157
968 82.0642
969 89.2219
969 85.3395
969 80.1344
969 86.6157
969 82.0642
970 89.2219
970 85.3395
970 80.1344
970 86.6157
970 82.0642
971 89.2219
971 85.3395
971 80.1344
971 81.9981
971 86.6157
972 89.2219
972 80.1344
972 85.3395
972 82.0642
972 86.1972
973 89.2219
973 80.1344
973 85.3395
973 82.0642
973 86.1972
974 89.2219
974 80.1344
974 85.3395
974 82.0642
974 86.1972
975 82.0642
975 86.1972
975 80.1344
975 89.2219
975 85.3395
976 82.0642
976 80.1344
976 86.1972
976 89.2219
976 85.3395
977 82.0642
977 89.2219
977 80.1344
977 86.1972
977 85.3395
978 82.0642
978 85.3395
978 86.1972
978 89.2219
978 80.1344
979 82.0642
979 85.3395
979 80.1344
979 89.2219
979 86.1972
980 82.0642
980 85.3395
980 80.1344
980 86.1972
980 89.2219
981 82.0642
981 86.1972
981 80.1344
981 85.3395
981 89.2219
982 80.1344
982 82.0642
982 86.1972
982 85.3395
982 89.2219
983 80.1344
983 82.0642
983 89.2219
983 85.3395
983 86.1972
984 80.1344
984 82.0642
984 85.3395
984 89.2219
984 86.1972
985 80.1344
985 85.3395
985 82.0642
985 89.2219
985 86.1972
986 80.1344
986 85.3395
986 82.0642
986 89.2219
986 86.1972
987 80.1344
987 85.3395
987 89.2219
987 82.0642
987 86.1972
988 80.1344
988 85.3395
988 89.2219
988 82.0642
988 86.1972
989 85.3395
989 89.2219
989 80.1344
989 82.0642
989 86.1972
990 82.0642
990 80.1344
990 86.1972
990 89.2219
990 85.3395
991 80.1344
991 89.2219
991 85.3395
991 86.1972
991 82.0642
992 80.1344
992 85.3395
992 86.1972
992 89.2219
992 82.0642
993 86.1972
993 89.2219
993 85.3395
993 80.1344
993 82.0642
994 86.1972
994 85.3395
994 89.2219
994 80.1344
994 82.0642
995 86.1972
995 85.3395
995 89.2219
995 80.1344
995 82.0642
996 85.3395
996 86.1972
996 89.2219
996 80.1344
996 82.0642
997 86.1972
997 85.1193
997 89.2219
997 80.1344
997 82.0642
998 86.1972
998 85.3395
998 89.2219
998 80.071
998 82.0642
999 86.1972
999 85.3395
999 80.071
999 89.2219
999 82.0642
