0 409.158
1 408.85
2 405.072
3 397.698
4 379.821
5 372.66
6 371.865
7 351.401
8 340.085
9 335.073
10 318.002
11 314.098
12 310.459
13 309.632
14 309.521
15 309.521
16 292.861
17 290.065
18 286.052
19 285.042
20 285.514
21 280.456
22 270.097
23 265.953
24 267.683
25 264.855
26 255.474
27 255.814
28 255.827
29 254.068
30 254.454
31 253.503
32 253.436
33 247.32
34 246.774
35 242.705
36 238.822
37 238.822
38 239.403
39 239.403
40 234.925
41 234.925
42 234.703
43 227.407
44 225.936
45 224.646
46 224.999
47 224.999
48 224.711
49 224.446
50 223.933
51 223.933
52 219.002
53 219.002
54 217.098
55 213.578
56 211.32
57 210.863
58 210.65
59 209.383
60 205.735
61 202.098
62 202
63 202.873
64 202.395
65 202.395
66 196.082
67 198.462
68 197.836
69 195.62
70 196.205
71 196.014
72 194.717
73 194.717
74 194.717
75 193.926
76 194.315
77 193.026
78 193.026
79 192.228
80 191.771
81 191.771
82 190.531
83 191.115
84 191.387
85 191.387
86 191.249
87 186.9
88 185.008
89 183.637
90 183.637
91 182.671
92 182.029
93 181.683
94 181.605
95 181.339
96 179.325
97 176.598
98 178.645
99 178.645
100 174.488
101 174.007
102 173.279
103 173.706
104 173.706
105 173.706
106 173.706
107 172.498
108 172.724
109 172.724
110 172.724
111 171.295
112 169.329
113 167.842
114 168.692
115 168.692
116 168.393
117 166.968
118 166.968
119 166.876
120 163.435
121 162.165
122 163.015
123 163.015
124 163.015
125 163.015
126 161.786
127 161.786
128 157.696
129 157.696
130 161.349
131 161.349
132 161.002
133 161.002
134 161.349
135 160.684
136 160.243
137 159.794
138 159.794
139 159.794
140 159.794
141 159.539
142 159.539
143 158.743
144 157.861
145 157.242
146 157.838
147 157.838
148 157.838
149 156.315
150 157.367
151 157.368
152 157.249
153 156.97
154 156.332
155 156.499
156 156.499
157 155.769
158 154.902
159 154.902
160 154.902
161 154.902
162 153.953
163 154.72
164 154.72
165 152.676
166 152.676
167 152.268
168 152.268
169 152.268
170 152.268
171 152.268
172 152.268
173 151.906
174 151.906
175 151.287
176 150.386
177 150.386
178 148.747
179 148.747
180 148.128
181 148.128
182 147.306
183 147.306
184 147.306
185 144.961
186 146.926
187 147.306
188 147.306
189 147.306
190 147.306
191 147.306
192 147.306
193 146.96
194 147.306
195 147.306
196 146.988
197 147.165
198 147.165
199 147.165
200 146.648
201 146.205
202 147.039
203 146.692
204 146.2
205 146.692
206 145.409
207 144.125
208 144.125
209 144.125
210 144.125
211 142.455
212 142.455
213 142.455
214 142.455
215 142.455
216 142.455
217 141.618
218 141.618
219 140.928
220 140.325
221 139.475
222 139.133
223 139.133
224 139.133
225 139.118
226 139.118
227 139.118
228 138.695
229 138.68
230 138.68
231 138.68
232 138.495
233 138.524
234 138.313
235 138.313
236 138.313
237 138.313
238 138.313
239 136.549
240 136.549
241 136.549
242 136.549
243 136.192
244 136.549
245 136.549
246 136.549
247 134.409
248 134.409
249 134.409
250 134.409
251 134.409
252 134.409
253 133.447
254 133.551
255 133.551
256 133.551
257 133.231
258 133.231
259 133.167
260 132.189
261 133.167
262 133.167
263 132.96
264 133.167
265 133.167
266 133.167
267 133.167
268 133.058
269 133.167
270 133.129
271 132.915
272 133.129
273 133.129
274 132.845
275 133.129
276 133.129
277 132.888
278 132.536
279 132.536
280 132.536
281 132.274
282 132.536
283 132.536
284 132.536
285 132.024
286 132.024
287 132.024
288 131.976
289 132.024
290 132.024
291 132.024
292 131.946
293 131.946
294 131.755
295 131.834
296 131.834
297 131.834
298 131.834
299 131.834
300 131.834
301 131.834
302 131.834
303 131.834
304 131.834
305 131.834
306 131.52
307 131.281
308 131.281
309 131.281
310 131.281
311 131.281
312 131.281
313 131.281
314 131.281
315 131.281
316 131.281
317 131.156
318 131.156
319 130.521
320 130.521
321 130.185
322 130.521
323 130.521
324 130.521
325 130.521
326 130.521
327 130.521
328 130.521
329 129.996
330 130.484
331 130.484
332 130.484
333 130.484
334 130.484
335 130.484
336 130.484
337 130.484
338 127.088
339 127.088
340 127.088
341 126.97
342 127.088
343 126.276
344 122.215
345 123.015
346 123.069
347 123.069
348 123.069
349 123.069
350 123.069
351 122.849
352 122.849
353 122.844
354 122.844
355 122.844
356 122.209
357 122.209
358 122.215
359 121.393
360 121.393
361 120.989
362 120.989
363 120.989
364 120.989
365 120.989
366 120.989
367 120.989
368 120.989
369 120.989
370 120.989
371 120.989
372 120.989
373 120.989
374 120.898
375 120.898
376 120.898
377 120.168
378 120.898
379 120.898
380 120.898
381 120.898
382 120.898
383 120.898
384 120.898
385 118.994
386 118.994
387 118.898
388 118.898
389 118.898
390 118.458
391 116.598
392 116.598
393 116.868
394 116.598
395 116.598
396 116.598
397 116.598
398 116.598
399 116.279
400 115.775
401 114.707
402 115.53
403 115.524
404 115.524
405 115.524
406 114.611
407 114.611
408 114.611
409 114.611
410 114.611
411 114.611
412 113.872
413 114.607
414 114.607
415 113.998
416 113.998
417 113.084
418 113.998
419 113.998
420 113.275
421 113.998
422 113.998
423 113.998
424 113.998
425 113.701
426 113.701
427 113.701
428 113.701
429 113.6
430 113.701
431 113.701
432 113.701
433 112.448
434 113.2
435 113.2
436 113.2
437 113.064
438 113.064
439 112.666
440 112.666
441 111.488
442 111.939
443 111.445
444 111.445
445 110.692
446 110.692
447 110.692
448 110.692
449 110.649
450 110.649
451 110.649
452 110.649
453 109.838
454 109.838
455 109.838
456 109.838
457 109.757
458 109.155
459 109.023
460 108.942
461 108.942
462 108.942
463 108.942
464 108.942
465 107.908
466 107.908
467 107.908
468 107.908
469 107.908
470 106.994
471 106.994
472 106.994
473 106.994
474 106.994
475 106.994
476 106.677
477 106.016
478 106.016
479 106.016
480 106.016
481 105.228
482 105.228
483 105.228
484 105.228
485 105.228
486 105.228
487 105.228
488 105.228
489 105.228
490 105.228
491 104.273
492 104.273
493 104.273
494 104.273
495 104.273
496 104.273
497 104.273
498 104.273
499 103.957
500 103.957
501 103.957
502 103.616
503 103.957
504 102.623
505 102.964
506 102.964
507 102.964
508 102.964
509 102.964
510 102.964
511 102.876
512 102.876
513 102.477
514 102.477
515 102.477
516 102.477
517 102.477
518 102.312
519 102.312
520 102.312
521 102.312
522 101.587
523 101.587
524 101.587
525 101.587
526 101.587
527 101.587
528 101.587
529 101.587
530 101.587
531 101.525
532 101.525
533 100.959
534 100.897
535 100.826
536 100.826
537 100.826
538 100.826
539 100.826
540 100.764
541 100.431
542 100.431
543 100.431
544 100.431
545 100.431
546 100.431
547 100.431
548 100.29
549 100.29
550 100.29
551 100.29
552 100.29
553 100.29
554 100.29
555 100.29
556 100.29
557 100.29
558 100.29
559 100.29
560 100.29
561 100.29
562 100.29
563 100.29
564 100.286
565 100.286
566 100.286
567 100.286
568 100.286
569 100.286
570 100.286
571 100.286
572 100.286
573 100.286
574 100.286
575 100.286
576 100.286
577 100.286
578 100.286
579 100.286
580 100.286
581 100.286
582 99.5334
583 99.5334
584 99.5334
585 99.5334
586 99.5334
587 99.5334
588 99.5334
589 99.5334
590 99.5334
591 99.5334
592 99.5334
593 99.5334
594 99.2176
595 98.9537
596 99.2176
597 99.2176
598 99.2176
599 98.2273
600 99.2176
601 99.2176
602 99.2176
603 99.2176
604 99.2176
605 98.6173
606 98.6173
607 98.6173
608 98.6173
609 98.6173
610 98.6173
611 98.6173
612 98.6173
613 98.6173
614 98.6173
615 98.5367
616 98.5367
617 98.5367
618 98.5367
619 98.5367
620 98.5367
621 98.5367
622 98.5367
623 98.5367
624 98.5367
625 98.5367
626 98.5367
627 98.5367
628 98.5367
629 98.5367
630 98.5367
631 98.5367
632 98.5367
633 98.5367
634 98.5367
635 98.5367
636 98.5367
637 98.5252
638 98.5252
639 98.5252
640 98.5252
641 98.5252
642 98.5252
643 98.5252
644 98.5252
645 98.5252
646 98.5252
647 98.5252
648 98.5252
649 98.5252
650 98.5252
651 98.5252
652 98.5252
653 98.5252
654 98.5252
655 98.5252
656 98.5252
657 98.5252
658 98.5252
659 98.303
660 98.303
661 98.303
662 98.303
663 97.7786
664 97.7786
665 98.303
666 98.303
667 98.303
668 97.6485
669 97.6485
670 97.6485
671 97.6485
672 97.6485
673 97.6485
674 97.6485
675 97.6485
676 97.6485
677 97.6485
678 97.6485
679 96.9467
680 96.9467
681 96.5788
682 96.5788
683 96.5788
684 96.5788
685 96.5372
686 96.5372
687 96.5372
688 96.5372
689 96.5372
690 96.5372
691 95.5849
692 95.5849
693 95.5849
694 95.5849
695 95.5849
696 95.5849
697 95.5849
698 95.5849
699 95.5849
700 95.4975
701 95.4975
702 95.4975
703 95.4975
704 95.4975
705 95.3361
706 95.4975
707 95.4338
708 95.3564
709 95.3837
710 95.3837
711 95.3837
712 95.3837
713 95.3837
714 93.7957
715 93.7957
716 93.7957
717 93.7957
718 92.9261
719 92.9261
720 92.9261
721 92.9261
722 92.9261
723 92.9261
724 92.9261
725 92.9261
726 92.9261
727 92.9261
728 92.9261
729 92.9261
730 92.9261
731 92.2802
732 92.2802
733 92.2802
734 92.2802
735 92.2802
736 92.2802
737 92.2802
738 92.2802
739 92.2802
740 92.2802
741 92.2802
742 92.2802
743 92.2802
744 92.2802
745 92.2802
746 92.2802
747 92.2802
748 92.2184
749 92.2184
750 91.5195
751 91.5195
752 91.5195
753 90.7445
754 90.5102
755 90.7445
756 90.7445
757 90.7445
758 90.7445
759 90.7445
760 90.7445
761 90.7445
762 90.7445
763 90.7445
764 90.7445
765 90.7445
766 90.0562
767 89.8576
768 89.8576
769 89.8576
770 89.8576
771 89.8576
772 89.8576
773 89.8576
774 89.8576
775 89.8576
776 89.8576
777 89.8576
778 89.8576
779 89.8576
780 89.8576
781 89.8576
782 89.8576
783 88.9586
784 89.8576
785 89.8576
786 89.8576
787 89.8576
788 89.8576
789 89.8576
790 89.8124
791 89.8124
792 89.8124
793 89.8124
794 89.8124
795 89.8124
796 89.8124
797 89.8124
798 89.8124
799 89.8124
800 89.8124
801 89.8124
802 89.8124
803 89.8124
804 89.8124
805 89.8124
806 89.8124
807 89.8124
808 89.8124
809 89.8124
810 89.8124
811 89.8124
812 89.8124
813 89.8124
814 89.8124
815 89.8124
816 89.8124
817 89.8124
818 89.8124
819 89.8124
820 89.8124
821 89.8124
822 89.8124
823 89.8124
824 89.8124
825 89.8124
826 89.8124
827 89.8124
828 89.8124
829 89.8124
830 89.8124
831 89.8124
832 89.8124
833 89.8124
834 89.8124
835 89.8124
836 89.8124
837 89.8124
838 89.8124
839 89.8124
840 89.8124
841 89.8124
842 89.8124
843 89.8124
844 89.8124
845 89.8124
846 89.8124
847 89.8124
848 89.8124
849 89.8124
850 89.8124
851 89.8124
852 88.0227
853 88.0227
854 88.0227
855 88.0227
856 88.0227
857 88.0227
858 88.0227
859 88.0227
860 88.0227
861 88.0227
862 88.0227
863 88.0227
864 88.0227
865 88.0227
866 88.0227
867 88.0227
868 88.0227
869 88.0227
870 88.0227
871 88.0227
872 88.0227
873 88.0186
874 88.0227
875 88.0227
876 87.7228
877 87.7228
878 87.7228
879 87.7228
880 87.7228
881 87.7228
882 87.7228
883 87.7228
884 87.7228
885 87.7228
886 87.7228
887 87.7228
888 87.7228
889 87.7228
890 87.7228
891 87.7228
892 87.7228
893 87.7228
894 87.7228
895 87.7228
896 87.7228
897 87.7228
898 87.7228
899 87.7228
900 87.7228
901 87.7228
902 87.6137
903 87.6137
904 87.6137
905 87.6137
906 87.6137
907 87.6137
908 87.6137
909 87.6137
910 87.6137
911 87.6137
912 87.5971
913 87.5971
914 87.5971
915 87.5971
916 87.5971
917 87.5971
918 87.5971
919 87.5971
920 87.5971
921 87.1653
922 87.0273
923 87.0273
924 87.0273
925 87.0273
926 87.0273
927 87.0273
928 87.0273
929 87.0273
930 86.6755
931 86.6755
932 86.6755
933 86.6755
934 86.6755
935 86.6755
936 86.6755
937 86.6755
938 86.6755
939 86.6755
940 86.6755
941 86.6755
942 86.6157
943 86.6157
944 86.6157
945 86.6157
946 86.6157
947 86.6157
948 86.6157
949 86.6157
950 86.6157
951 86.6157
952 86.6157
953 86.6157
954 86.6157
955 86.6157
956 86.6157
957 86.6157
958 86.6157
959 86.6157
960 86.6157
961 86.6157
962 86.6157
963 86.6157
964 86.6157
965 86.6157
966 86.6157
967 86.6157
968 86.6157
969 86.6157
970 86.6157
971 86.6157
972 86.1972
973 86.1972
974 86.1972
975 86.1972
976 86.1972
977 86.1972
978 86.1972
979 86.1972
980 86.1972
981 86.1972
982 86.1972
983 86.1972
984 86.1972
985 86.1972
986 86.1972
987 86.1972
988 86.1972
989 86.1972
990 86.1972
991 86.1972
992 86.1972
993 86.1972
994 86.1972
995 86.1972
996 86.1972
997 86.1972
998 86.1972
999 86.1972
