0 438.807
1 414.878
2 399.177
3 383.59
4 372.131
5 358.688
6 363.26
7 357.57
8 353.836
9 345.353
10 343.85
11 333.058
12 333.058
13 321.858
14 321.858
15 315.691
16 309.347
17 306.918
18 302.618
19 293.118
20 294.217
21 294.217
22 293.914
23 290.664
24 292.502
25 289.512
26 282.039
27 282.039
28 273.259
29 270.415
30 269.051
31 268.766
32 265.017
33 264.874
34 262.802
35 261.959
36 261.193
37 260.824
38 260.145
39 255.961
40 255.085
41 252.915
42 252.915
43 248.097
44 246.513
45 241.216
46 236.266
47 234.38
48 232.297
49 223.914
50 221.861
51 217.604
52 216.489
53 216.759
54 216.759
55 215.355
56 215.355
57 215.355
58 212.707
59 210.141
60 210.141
61 210.141
62 210.141
63 208.694
64 208.694
65 207.97
66 207.612
67 206.472
68 204.725
69 203.511
70 204.486
71 203.345
72 199.871
73 197.38
74 199.871
75 192.862
76 192.862
77 192.862
78 192.105
79 192.105
80 192.105
81 192.105
82 191.693
83 191.625
84 188.252
85 188.189
86 187.212
87 185.623
88 181.152
89 179.833
90 180.65
91 181.152
92 180.794
93 175.295
94 175.653
95 174.306
96 174.306
97 170.699
98 170.699
99 169.289
100 168.036
101 167.738
102 167.738
103 165.92
104 166.753
105 165.472
106 163.696
107 163.588
108 163.588
109 163.588
110 163.565
111 160.549
112 160.514
113 160.514
114 160.359
115 160.514
116 160.549
117 160.386
118 159.885
119 160.386
120 160.386
121 159.96
122 157.748
123 155.884
124 156.199
125 156.199
126 155.303
127 154.213
128 154.213
129 151.321
130 149.531
131 151.321
132 150.528
133 150.528
134 149.892
135 149.892
136 149.39
137 149.534
138 149.272
139 149.534
140 149.534
141 149.534
142 149.892
143 149.892
144 149.699
145 149.39
146 148.531
147 149.09
148 149.09
149 148.075
150 145.887
151 145.341
152 144.057
153 144.057
154 144.057
155 143.274
156 144.057
157 142.238
158 142.238
159 141.554
160 141.554
161 141.554
162 141.554
163 139.297
164 138.831
165 139.297
166 139.297
167 138.646
168 139.297
169 139.175
170 138.327
171 138.327
172 138.327
173 138.327
174 138.327
175 138.239
176 137.463
177 136.642
178 136.642
179 136.213
180 135.204
181 135.981
182 135.017
183 135.978
184 135.978
185 132.861
186 132.861
187 132.477
188 132.477
189 132.113
190 132.113
191 132.113
192 131.548
193 131.548
194 131.389
195 131.389
196 131.389
197 131.389
198 131.389
199 131.389
200 131.073
201 131.389
202 131.389
203 131.199
204 131.199
205 131.199
206 131.199
207 131.199
208 131.199
209 130.891
210 129.514
211 129.765
212 129.765
213 129.765
214 129.301
215 129.103
216 129.103
217 129.103
218 129.076
219 129.076
220 129.076
221 129.076
222 128.041
223 127.734
224 127.734
225 127.734
226 126.558
227 126.558
228 126.558
229 125.897
230 125.897
231 125.799
232 125.799
233 125.728
234 125.799
235 125.799
236 125.606
237 125.606
238 125.606
239 125.606
240 125.418
241 125.418
242 125.418
243 124.851
244 125.418
245 125.418
246 125.008
247 124.315
248 124.315
249 124.725
250 124.315
251 123.942
252 124.315
253 124.155
254 123.942
255 123.26
256 123.26
257 123.26
258 123.26
259 123.26
260 122.702
261 122.702
262 122.702
263 122.702
264 122.702
265 122.702
266 122.702
267 120.936
268 120.936
269 120.936
270 120.936
271 120.936
272 120.936
273 120.445
274 120.936
275 120.936
276 120.936
277 120.936
278 120.936
279 120.936
280 120.936
281 120.509
282 120.509
283 119.851
284 119.851
285 118.624
286 118.624
287 118.624
288 118.624
289 118.624
290 118.624
291 118.624
292 118.624
293 118.624
294 118.624
295 118.053
296 118.053
297 118.053
298 118.053
299 118.053
300 118.053
301 117.482
302 117.482
303 117.017
304 117.017
305 117.017
306 117.017
307 117.017
308 117.017
309 116.917
310 116.917
311 116.917
312 116.917
313 116.917
314 116.104
315 116.104
316 116.104
317 116.104
318 116.104
319 116.104
320 116.104
321 116.104
322 116.104
323 115.989
324 116.104
325 116.104
326 116.104
327 116.104
328 114.559
329 114.559
330 114.559
331 114.559
332 114.467
333 114.551
334 114.551
335 114.551
336 114.517
337 113.374
338 113.374
339 113.374
340 113.374
341 113.374
342 113.374
343 113.374
344 113.374
345 113.151
346 113.151
347 113.151
348 113.151
349 113.151
350 113.08
351 113.08
352 113.08
353 113.08
354 113.08
355 113.08
356 112.911
357 112.911
358 112.911
359 112.911
360 112.911
361 111.114
362 111.114
363 111.114
364 111.114
365 111.114
366 110.729
367 110.729
368 110.729
369 110.729
370 110.729
371 110.729
372 110.729
373 110.729
374 110.532
375 109.683
376 109.683
377 109.683
378 109.557
379 109.557
380 109.557
381 109.557
382 109.557
383 109.118
384 108.992
385 109.118
386 109.454
387 109.454
388 109.253
389 108.631
390 108.631
391 108.631
392 108.631
393 108.631
394 108.631
395 108.631
396 108.631
397 108.631
398 108.631
399 108.631
400 108.631
401 108.631
402 108.462
403 108.462
404 108.462
405 107.337
406 108.462
407 108.462
408 108.462
409 108.462
410 108.462
411 108.462
412 108.462
413 108.462
414 108.462
415 108.226
416 108.226
417 108.226
418 108.226
419 107.798
420 107.73
421 107.73
422 107.73
423 107.73
424 107.336
425 107.336
426 107.336
427 107.336
428 107.27
429 107.156
430 107.336
431 107.336
432 107.336
433 107.336
434 107.336
435 107.156
436 107.156
437 107.156
438 107.156
439 106.784
440 106.784
441 106.784
442 106.499
443 106.499
444 106.128
445 106.128
446 106.128
447 106.128
448 106.128
449 106.128
450 106.057
451 106.057
452 105.435
453 103.849
454 103.849
455 103.849
456 103.849
457 103.849
458 103.849
459 103.68
460 103.68
461 103.68
462 103.68
463 103.68
464 103.68
465 103.68
466 103.68
467 103.68
468 103.68
469 103.68
470 103.68
471 103.68
472 103.68
473 103.68
474 103.68
475 103.68
476 103.68
477 103.68
478 103.441
479 103.441
480 103.441
481 103.441
482 103.117
483 103.441
484 103.441
485 103.441
486 103.441
487 103.441
488 103.441
489 103.441
490 103.441
491 103.441
492 103.441
493 103.134
494 103.123
495 103.088
496 101.485
497 102.023
498 102.023
499 102.023
500 102.021
501 102.021
502 102.021
503 102.021
504 102.021
505 102.021
506 102.021
507 102.021
508 102.021
509 100.711
510 102.021
511 102.021
512 102.021
513 102.021
514 101.532
515 101.907
516 101.907
517 101.907
518 101.907
519 101.7
520 101.814
521 101.7
522 101.7
523 101.7
524 101.7
525 101.7
526 101.7
527 101.7
528 101.7
529 101.7
530 101.7
531 101.7
532 101.7
533 101.7
534 100.718
535 100.718
536 100.718
537 100.718
538 100.718
539 100.519
540 100.29
541 100.519
542 98.4796
543 98.4796
544 98.4796
545 98.4796
546 98.4796
547 98.4796
548 98.4796
549 96.6325
550 96.6325
551 96.1944
552 96.082
553 96.1944
554 96.1944
555 96.1944
556 96.1944
557 96.1944
558 96.1944
559 96.086
560 96.086
561 96.0461
562 96.0461
563 95.9548
564 95.9548
565 95.9548
566 95.9548
567 95.9548
568 95.9548
569 95.9548
570 95.9548
571 95.9548
572 95.9548
573 95.9548
574 95.9548
575 95.9548
576 95.9548
577 95.9548
578 95.8223
579 95.8223
580 95.8223
581 95.8223
582 95.8223
583 95.8223
584 95.8223
585 95.8223
586 95.8223
587 95.8223
588 95.8223
589 95.8223
590 95.8223
591 95.8223
592 95.8223
593 95.4375
594 94.945
595 94.945
596 94.945
597 94.945
598 94.945
599 94.7691
600 94.945
601 94.945
602 94.945
603 94.945
604 94.945
605 94.945
606 94.945
607 94.945
608 94.945
609 94.945
610 94.945
611 94.945
612 94.945
613 94.945
614 94.945
615 94.945
616 94.945
617 94.945
618 94.945
619 94.945
620 94.945
621 94.5662
622 94.5662
623 94.5662
624 94.5662
625 94.5662
626 94.5662
627 94.5662
628 94.5662
629 94.5662
630 94.5662
631 94.5662
632 94.5662
633 94.5662
634 94.5662
635 94.5662
636 94.041
637 94.041
638 94.041
639 94.041
640 94.041
641 94.041
642 94.041
643 94.041
644 92.3507
645 92.3507
646 92.3507
647 92.3507
648 92.3507
649 92.3507
650 92.3507
651 92.3507
652 92.3507
653 92.3507
654 92.3507
655 92.2979
656 92.2979
657 92.2979
658 92.1859
659 92.067
660 92.067
661 92.067
662 92.067
663 92.067
664 92.067
665 92.067
666 92.067
667 92.067
668 92.067
669 92.067
670 92.067
671 92.067
672 92.067
673 92.067
674 92.067
675 92.067
676 92.067
677 92.067
678 92.067
679 92.067
680 92.067
681 92.067
682 92.067
683 92.067
684 92.067
685 91.6438
686 91.6438
687 91.6438
688 91.6438
689 91.6438
690 91.6438
691 91.6438
692 91.6438
693 91.6438
694 91.6438
695 91.6033
696 91.6033
697 91.6033
698 91.6033
699 91.6033
700 91.6033
701 91.6033
702 91.6033
703 91.6033
704 90.1667
705 90.1667
706 90.1667
707 90.1667
708 90.1667
709 90.1667
710 90.1667
711 90.1667
712 90.1667
713 90.1667
714 89.1998
715 89.1998
716 89.1998
717 89.1998
718 89.1998
719 89.1998
720 89.1543
721 89.1543
722 89.1543
723 89.1543
724 89.1543
725 89.1543
726 89.1543
727 89.1543
728 89.1543
729 89.1543
730 89.1543
731 89.1543
732 89.1543
733 89.1543
734 89.1543
735 89.0695
736 89.0695
737 89.0695
738 87.0591
739 86.708
740 86.708
741 86.708
742 86.708
743 86.708
744 86.708
745 85.8768
746 85.6862
747 85.8768
748 85.8768
749 85.8768
750 85.8768
751 85.8768
752 85.8768
753 85.8768
754 85.8768
755 85.8768
756 85.8768
757 85.8768
758 85.8768
759 85.8768
760 85.8768
761 85.8768
762 85.8768
763 85.8768
764 85.8768
765 85.8768
766 85.8768
767 85.8768
768 85.8768
769 85.8696
770 85.8696
771 85.8696
772 85.8696
773 85.8696
774 85.8696
775 85.8696
776 85.8696
777 85.8696
778 85.8696
779 85.8696
780 85.8696
781 85.8696
782 85.8696
783 85.8696
784 85.8696
785 85.8696
786 85.8696
787 85.8696
788 85.8696
789 85.8696
790 85.8696
791 85.8696
792 85.8696
793 85.8696
794 85.8696
795 85.8696
796 85.8696
797 85.8696
798 85.8696
799 84.5618
800 84.6044
801 84.6044
802 84.6044
803 84.6044
804 84.6044
805 84.6044
806 84.6044
807 84.6044
808 84.6044
809 84.6044
810 84.6044
811 84.6044
812 84.6044
813 84.6044
814 84.6044
815 84.6044
816 84.6044
817 84.6044
818 84.6044
819 84.6044
820 84.6044
821 84.6044
822 84.6044
823 84.6044
824 84.6044
825 84.6044
826 84.6044
827 84.6044
828 84.6044
829 84.2364
830 84.2364
831 84.2364
832 84.2364
833 84.2364
834 84.2364
835 84.2364
836 83.3211
837 83.3211
838 83.3211
839 83.3211
840 83.3211
841 83.3211
842 83.3211
843 83.3211
844 83.3211
845 83.3211
846 83.3211
847 83.3211
848 83.3211
849 83.3211
850 83.3211
851 83.3211
852 83.1638
853 83.1638
854 83.1638
855 83.1638
856 83.1638
857 83.1638
858 83.1638
859 83.1638
860 83.1638
861 83.1638
862 83.1638
863 83.1638
864 83.1638
865 83.0842
866 83.1638
867 83.1638
868 83.1638
869 82.5667
870 82.5667
871 82.5667
872 82.5667
873 82.5667
874 82.5667
875 82.5667
876 82.2443
877 82.2443
878 82.2443
879 82.2443
880 82.2443
881 82.2443
882 82.2443
883 82.1648
884 82.2443
885 82.2443
886 82.2443
887 82.2443
888 82.2443
889 82.2443
890 82.2443
891 82.2443
892 82.2443
893 82.2443
894 82.2443
895 82.2443
896 82.2443
897 82.2443
898 82.2443
899 82.2443
900 82.2443
901 81.859
902 81.859
903 81.859
904 81.859
905 81.859
906 81.859
907 81.859
908 81.859
909 81.859
910 81.859
911 81.859
912 81.5351
913 81.5351
914 81.5351
915 81.5351
916 81.5351
917 81.5351
918 81.5351
919 81.5351
920 81.5351
921 81.5351
922 81.5351
923 81.5351
924 81.5351
925 81.5351
926 81.5351
927 81.5351
928 81.0981
929 81.0981
930 81.0981
931 81.0981
932 81.0981
933 81.0981
934 81.0981
935 81.0981
936 81.0981
937 81.0981
938 81.0981
939 81.0981
940 81.0981
941 81.0981
942 81.0981
943 80.1948
944 80.1948
945 80.1948
946 80.1948
947 80.1948
948 80.1948
949 80.1948
950 80.1948
951 80.1948
952 80.1948
953 80.1948
954 80.1948
955 80.1948
956 80.1948
957 80.1948
958 80.1948
959 80.1948
960 80.1948
961 80.1344
962 80.1344
963 80.1344
964 80.1344
965 80.1344
966 80.1344
967 80.1344
968 80.1344
969 80.1344
970 80.1344
971 80.1344
972 80.1344
973 80.1344
974 80.1344
975 80.1344
976 80.1344
977 80.1344
978 80.1344
979 80.1344
980 80.1344
981 80.1344
982 80.1344
983 80.1344
984 80.1344
985 80.1344
986 80.1344
987 80.1344
988 80.1344
989 80.1344
990 80.1344
991 80.1344
992 80.1344
993 80.1344
994 80.1344
995 80.1344
996 80.1344
997 80.1344
998 80.071
999 80.071
