0 416.602
1 405.972
2 387.768
3 376.425
4 379.665
5 369.892
6 362.717
7 355.635
8 349.813
9 343.399
10 339.532
11 330.78
12 318.742
13 314.903
14 308.087
15 304.902
16 293.669
17 293.908
18 290.107
19 288.097
20 284.411
21 284.411
22 284.411
23 284.141
24 282.495
25 275.987
26 274.876
27 274.593
28 272.701
29 272.701
30 272.701
31 264.561
32 261.494
33 259.632
34 259.632
35 255.727
36 253.593
37 252.054
38 251.949
39 251.265
40 251.059
41 251.37
42 237.395
43 236.6
44 233.087
45 235.304
46 232.493
47 229.842
48 229.248
49 226.621
50 226.621
51 225.914
52 221.846
53 220.411
54 216.772
55 214.922
56 214.922
57 214.51
58 212.143
59 208.935
60 205.54
61 205.875
62 202.675
63 203.088
64 203.088
65 202.769
66 202.473
67 197.757
68 201.579
69 200.651
70 200.651
71 200.651
72 199.976
73 199.813
74 196.092
75 198.646
76 199.605
77 199.834
78 199.155
79 197.742
80 193.596
81 194.029
82 194.029
83 194.894
84 192.135
85 190.374
86 190.374
87 186.559
88 187.639
89 187.639
90 186.736
91 187.639
92 186.874
93 185.751
94 185.55
95 184.579
96 181.635
97 181.506
98 181.506
99 181.506
100 181.506
101 181.506
102 181.048
103 178.456
104 175.759
105 175.759
106 174.095
107 174.19
108 174.19
109 172.881
110 173.308
111 173.402
112 172.334
113 170.021
114 169.13
115 169.416
116 167.973
117 168.163
118 168.163
119 168.129
120 167.923
121 166.911
122 166.442
123 166.911
124 165.602
125 165.815
126 164.606
127 164.957
128 164.89
129 164.89
130 161.669
131 160.239
132 159.623
133 159.623
134 159.623
135 156.546
136 155.948
137 152.595
138 153.018
139 153.018
140 153.018
141 150.934
142 150.934
143 150.934
144 150.934
145 149.755
146 149.767
147 149.767
148 149.111
149 149.111
150 147.942
151 147.942
152 147.942
153 147.942
154 147.942
155 145.713
156 144.203
157 143.322
158 143.322
159 143.322
160 143.322
161 143.322
162 143.322
163 142.394
164 141.981
165 143.083
166 141.995
167 142.974
168 140.305
169 140.305
170 140.305
171 140
172 140
173 139.007
174 138.818
175 138.171
176 138.368
177 137.455
178 137.703
179 137.703
180 135.115
181 134.498
182 134.498
183 134.498
184 134.498
185 134.498
186 134.498
187 134.498
188 133.929
189 133.929
190 133.929
191 133.929
192 133.929
193 133.929
194 133.929
195 133.929
196 133.929
197 133.234
198 133.929
199 133.929
200 133.929
201 133.929
202 133.086
203 133.086
204 133.086
205 133.086
206 131.35
207 131.35
208 131.35
209 131.35
210 131.35
211 130.882
212 130.882
213 130.882
214 130.634
215 130.634
216 130.043
217 129.46
218 130.058
219 129.46
220 129.46
221 128.947
222 128.658
223 128.607
224 127.805
225 127.805
226 127.08
227 127.08
228 127.08
229 127.08
230 125.573
231 125.054
232 125.054
233 124.734
234 124.734
235 124.734
236 124.353
237 124.211
238 124.211
239 124.211
240 124.211
241 124.211
242 123.787
243 123.787
244 123.523
245 122.892
246 122.7
247 122.629
248 122.629
249 122.629
250 122.629
251 122.629
252 122.629
253 122.629
254 122.629
255 122.629
256 121.823
257 120.921
258 120.921
259 120.921
260 120.921
261 120.856
262 120.921
263 120.748
264 120.748
265 120.519
266 120.276
267 119.492
268 120.431
269 120.431
270 119.05
271 118.999
272 118.999
273 118.999
274 118.982
275 118.999
276 118.999
277 118.999
278 117.606
279 117.836
280 117.836
281 117.43
282 116.612
283 117.379
284 117.379
285 116.748
286 116.748
287 116.748
288 116.748
289 116.748
290 116.748
291 116.748
292 116.748
293 116.732
294 116.674
295 115.776
296 115.776
297 115.357
298 115.346
299 115.346
300 115.345
301 115.333
302 115.333
303 115.333
304 114.817
305 115.333
306 115.048
307 113.67
308 113.849
309 113.068
310 112.841
311 112.841
312 112.413
313 112.841
314 112.841
315 112.841
316 112.841
317 112.734
318 112.734
319 112.734
320 112.734
321 112.734
322 112.251
323 112.251
324 112.251
325 112.251
326 112.251
327 112.25
328 112.25
329 111.686
330 111.686
331 111.686
332 110.845
333 110.845
334 110.845
335 110.375
336 110.375
337 110.375
338 110.375
339 110.024
340 110.375
341 110.375
342 110.375
343 110.375
344 110.375
345 110.375
346 110.375
347 109.535
348 109.535
349 109.535
350 109.535
351 109.535
352 109.366
353 109.366
354 109.366
355 109.366
356 109.366
357 109.366
358 109.366
359 109.366
360 109.366
361 109.366
362 109.366
363 109.366
364 109.366
365 109.366
366 109.366
367 109.366
368 109.366
369 108.586
370 108.586
371 108.235
372 108.235
373 108.586
374 108.235
375 108.586
376 108.586
377 108.586
378 108.118
379 108.118
380 108.118
381 108.118
382 108.118
383 107.348
384 108.118
385 108.118
386 106.869
387 106.986
388 106.986
389 106.986
390 106.986
391 106.986
392 106.986
393 106.986
394 106.377
395 103.521
396 106.377
397 106.258
398 106.338
399 106.145
400 106.338
401 106.338
402 105.229
403 105.229
404 104.838
405 104.838
406 104.838
407 104.838
408 104.838
409 103.722
410 104.113
411 103.722
412 103.722
413 103.722
414 103.722
415 103.722
416 103.722
417 103.722
418 103.722
419 103.722
420 103.542
421 103.542
422 103.542
423 103.542
424 103.542
425 103.542
426 103.542
427 103.542
428 103.542
429 103.542
430 102.652
431 102.652
432 102.652
433 101.231
434 101.206
435 101.206
436 101.206
437 100.906
438 99.4595
439 99.4595
440 99.4595
441 98.4156
442 98.4156
443 98.0645
444 98.4156
445 98.4156
446 98.4156
447 98.3892
448 98.3892
449 98.0381
450 97.5741
451 97.5741
452 97.5741
453 97.5741
454 97.1717
455 97.5228
456 97.2403
457 97.2403
458 96.5745
459 96.5745
460 96.5745
461 96.5745
462 96.5745
463 96.3453
464 96.3453
465 96.3453
466 96.2209
467 96.2209
468 96.2209
469 96.2209
470 96.2209
471 96.2209
472 96.2209
473 96.211
474 96.211
475 95.8754
476 96.211
477 96.211
478 96.211
479 96.211
480 96.211
481 96.211
482 96.211
483 96.211
484 96.211
485 96.211
486 96.211
487 95.8598
488 95.8598
489 95.8598
490 95.8598
491 96.211
492 96.211
493 96.211
494 96.211
495 96.211
496 96.211
497 96.211
498 96.211
499 95.8598
500 95.8598
501 95.8598
502 96.211
503 95.7075
504 95.7075
505 95.7075
506 95.7075
507 95.7075
508 95.7075
509 95.7075
510 95.7075
511 95.3564
512 95.5331
513 95.2881
514 95.2881
515 95.1114
516 95.1114
517 94.7793
518 94.7793
519 94.7793
520 94.7793
521 94.7793
522 94.7793
523 94.7793
524 94.7793
525 94.7793
526 94.7793
527 94.7793
528 94.7793
529 94.7793
530 94.7793
531 94.7793
532 94.7716
533 94.7716
534 94.7716
535 94.7716
536 94.7716
537 94.7716
538 94.7716
539 94.7716
540 94.7716
541 94.7716
542 94.6175
543 94.0822
544 94.0822
545 93.5445
546 93.5445
547 93.5445
548 93.5445
549 93.5428
550 93.5445
551 93.5445
552 93.5445
553 93.5445
554 93.5445
555 93.5445
556 93.5445
557 93.5445
558 93.5445
559 93.5445
560 93.5445
561 93.5445
562 92.4003
563 93.5445
564 93.5445
565 93.5428
566 93.5445
567 93.5445
568 93.3852
569 93.5445
570 93.3887
571 93.3887
572 93.3887
573 93.1782
574 93.1799
575 93.1799
576 93.1799
577 93.1799
578 93.1799
579 93.1799
580 93.1799
581 93.1799
582 93.1799
583 93.1799
584 93.1799
585 93.1799
586 93.1799
587 93.0163
588 93.0163
589 93.0163
590 93.0146
591 93.0163
592 93.0163
593 93.0163
594 93.0163
595 93.0163
596 93.0163
597 93.0163
598 93.0163
599 93.0163
600 93.0163
601 93.0163
602 93.0163
603 93.0163
604 93.0163
605 93.0163
606 93.0163
607 93.0163
608 93.0146
609 93.0146
610 93.0146
611 93.0146
612 93.0146
613 93.0146
614 93.0146
615 92.6408
616 92.6408
617 92.6408
618 92.6408
619 92.6408
620 92.6408
621 92.6408
622 92.6408
623 92.6408
624 92.6408
625 92.6408
626 92.6408
627 92.5846
628 91.8636
629 91.8636
630 91.8636
631 91.4391
632 91.4391
633 91.4391
634 91.4391
635 91.4391
636 91.4391
637 91.4391
638 91.4391
639 90.5134
640 90.5134
641 90.5134
642 90.5134
643 90.5134
644 90.5134
645 90.5134
646 89.8856
647 89.7598
648 89.7598
649 89.7598
650 89.7598
651 89.7598
652 89.7598
653 89.7598
654 89.7598
655 89.7598
656 89.7598
657 89.7598
658 89.7598
659 89.7598
660 89.7598
661 89.7598
662 89.7598
663 89.7598
664 89.7598
665 89.7598
666 89.7598
667 89.6681
668 89.6681
669 89.3816
670 89.6681
671 89.6681
672 89.6681
673 89.6681
674 89.1324
675 89.1324
676 89.1324
677 89.1324
678 89.1324
679 89.1324
680 88.7792
681 88.7792
682 88.7792
683 88.7792
684 88.7792
685 88.7792
686 88.7792
687 88.7792
688 88.7792
689 88.7792
690 88.7792
691 88.7792
692 88.692
693 88.692
694 88.1264
695 88.1264
696 88.1264
697 88.1264
698 88.1264
699 88.1264
700 87.911
701 87.911
702 87.911
703 87.911
704 87.911
705 87.911
706 87.911
707 87.5688
708 87.5688
709 87.5688
710 87.5688
711 87.5688
712 87.5688
713 87.5688
714 87.5688
715 87.4504
716 87.4504
717 87.4504
718 87.4504
719 87.4504
720 87.4504
721 87.4504
722 87.4504
723 87.4504
724 87.4504
725 87.4504
726 87.4504
727 87.4504
728 87.3834
729 87.3834
730 87.3834
731 87.3834
732 87.2741
733 87.2741
734 87.2741
735 87.2741
736 87.2741
737 87.2741
738 87.2741
739 87.2741
740 87.2741
741 87.2741
742 87.2741
743 87.2741
744 87.2741
745 87.2741
746 87.2741
747 87.2741
748 87.2741
749 87.2741
750 87.2741
751 87.2741
752 87.2741
753 87.2741
754 87.2741
755 87.2741
756 87.2741
757 87.2741
758 87.2741
759 87.2741
760 86.8776
761 86.8776
762 86.8776
763 86.8776
764 86.8776
765 86.8776
766 86.8776
767 86.8776
768 86.8776
769 86.8776
770 86.8776
771 86.8776
772 86.8776
773 86.8776
774 86.8776
775 86.8776
776 86.8776
777 86.8776
778 86.8776
779 86.8776
780 86.8776
781 86.8776
782 86.8776
783 86.8776
784 86.8776
785 86.8776
786 86.8776
787 86.8776
788 86.8776
789 86.8776
790 86.8776
791 86.8776
792 86.8776
793 86.8776
794 86.8776
795 86.8776
796 86.8776
797 86.8776
798 86.7121
799 86.7121
800 86.7121
801 86.7121
802 86.7121
803 86.7121
804 86.7121
805 86.7121
806 86.7121
807 86.619
808 86.7121
809 86.7121
810 86.7121
811 86.7121
812 86.7121
813 86.2072
814 86.7121
815 86.7121
816 86.7121
817 86.7121
818 86.7121
819 86.7121
820 86.7121
821 86.7121
822 86.7121
823 86.7121
824 86.7121
825 86.7121
826 86.5705
827 86.5705
828 86.2638
829 86.5705
830 86.5705
831 86.1745
832 86.1745
833 86.1745
834 86.1745
835 86.1745
836 86.1745
837 86.1745
838 86.1745
839 86.1745
840 86.1745
841 86.1745
842 86.1745
843 86.1745
844 86.1745
845 86.1745
846 86.1745
847 86.1745
848 86.1745
849 86.1745
850 86.1745
851 86.1745
852 86.1745
853 86.1745
854 86.1745
855 86.1745
856 86.1745
857 86.1745
858 86.1745
859 86.1745
860 86.1745
861 86.1745
862 86.1745
863 86.0224
864 86.0224
865 86.0224
866 86.0224
867 86.0224
868 86.0224
869 86.0224
870 86.0224
871 85.7053
872 85.7053
873 85.7053
874 85.7053
875 85.7053
876 85.6266
877 85.6266
878 85.6266
879 85.6266
880 85.6266
881 85.6266
882 85.6266
883 85.6266
884 85.6266
885 85.6266
886 85.6266
887 85.6266
888 85.6266
889 85.6266
890 85.6266
891 85.6266
892 85.6266
893 85.6266
894 85.6266
895 85.6266
896 85.6266
897 85.6266
898 85.6266
899 85.5707
900 85.5707
901 85.5707
902 85.5707
903 85.5707
904 85.5707
905 84.9986
906 85.5707
907 85.5707
908 85.5707
909 85.5707
910 85.5707
911 85.5707
912 85.5707
913 85.5707
914 85.5707
915 85.5707
916 85.5707
917 85.5707
918 85.4762
919 85.5707
920 85.5707
921 85.5707
922 85.5707
923 85.5707
924 85.5707
925 85.5707
926 85.5707
927 85.5707
928 85.5707
929 85.5707
930 85.5707
931 85.5707
932 85.5707
933 85.5707
934 85.5707
935 85.5707
936 85.4836
937 85.4836
938 85.4836
939 85.4836
940 85.4836
941 85.4836
942 85.4836
943 85.4836
944 85.4836
945 85.4836
946 85.4836
947 85.4836
948 85.4836
949 85.4836
950 85.2835
951 85.4836
952 85.4836
953 85.4836
954 85.4836
955 85.4836
956 85.4836
957 85.4836
958 85.4836
959 85.4836
960 85.3395
961 85.3395
962 85.3395
963 85.3395
964 85.3395
965 85.3395
966 85.0461
967 85.3395
968 85.245
969 85.3395
970 85.3395
971 85.3395
972 85.3395
973 85.3395
974 85.3395
975 85.3395
976 85.3395
977 85.3395
978 85.3395
979 85.3395
980 85.3395
981 85.3395
982 85.3395
983 85.3395
984 85.3395
985 85.3395
986 85.3395
987 85.3395
988 85.3395
989 85.3395
990 85.3395
991 85.3395
992 85.3395
993 85.3395
994 85.3395
995 85.3395
996 85.3395
997 85.1193
998 85.3395
999 85.3395
