#     BLOCK:   ACTUAL_X:     X_AVE:       ERROR:
           1        5.76        5.76           0
           2        0.36        3.06     1.90919
           3           1     2.37333     1.39081
           4        0.04        1.79       1.159
           5        0.04        1.44    0.978619
           6        0.64     1.30667    0.824549
           7        2.56     1.48571    0.725936
           8           1       1.425    0.637728
           9        0.36     1.30667    0.577744
          10        1.96       1.372     0.52365
          11           0     1.24727    0.490675
          12        0.04     1.14667    0.459984
          13        0.16     1.07077    0.430817
          14        3.24     1.22571    0.426999
          15        2.56     1.31467    0.407693
          16           1       1.295    0.382686
          17        0.16     1.22824    0.365953
          18           0        1.16    0.351926
          19           0     1.09895    0.338658
          20        0.16       1.052    0.324963
          21        3.24     1.15619    0.325763
          22        1.44     1.16909    0.311211
          23           4     1.29217    0.321099
          24        1.44     1.29833    0.307779
          25           4      1.4064    0.313867
          26           1     1.39077    0.302184
          27        0.64     1.36296    0.292268
          28        0.64     1.33714    0.282968
          29        0.16     1.29655    0.276107
          30        0.04     1.25467    0.270062
          31        1.44     1.26065    0.261416
          32        1.44     1.26625    0.253307
          33        0.04     1.22909    0.248342
          34           1     1.22235    0.241129
          35           1       1.216    0.234323
          36        0.16     1.18667    0.229643
          37        1.44     1.19351    0.223538
          38        0.16     1.16632    0.219304
          39        0.36     1.14564    0.214653
          40        0.04       1.118    0.211059
          41        0.04     1.09171    0.207542
          42           0     1.06571    0.204222
          43        2.56     1.10047    0.202408
          44        1.44     1.10818    0.197955
          45           1     1.10578     0.19357
          46        0.04     1.08261    0.190744
          47        1.96     1.10128    0.187597
          48        0.64     1.09167    0.183934
          49        0.04      1.0702    0.181429
          50        0.36       1.056    0.178355
          51        0.04     1.03608    0.175967
          52        0.04     1.01692    0.173623
          53           0    0.997736    0.171404
          54        0.36    0.985926    0.168636
          55        0.36    0.974545    0.165953
          56           1       0.975     0.16299
          57        0.04    0.958596    0.160954
          58        1.44    0.966897    0.158393
          59           0    0.950508    0.156554
          60        0.36    0.940667    0.154254
          61        0.64    0.935738    0.151804
          62        1.44    0.943871    0.149573
          63           1    0.944762    0.147201
          64        1.44      0.9525    0.145105
          65        1.96       0.968    0.143698
          66        0.04    0.953939    0.142207
          67        0.36    0.945075     0.14036
          68        0.36    0.936471     0.13856
          69        1.96    0.951304    0.137343
          70        0.64    0.946857    0.135453
          71        0.16    0.935775    0.133998
          72        0.04    0.923333    0.132713
          73           0    0.910685    0.131497
          74        0.36    0.903243     0.12993
          75        0.36       0.896    0.128399
          76        0.36    0.888947    0.126903
          77        0.04    0.877922    0.125733
          78        0.64    0.874872    0.124158
          79        0.04    0.864304    0.123036
          80        0.16      0.8555    0.121812
          81        0.16    0.846914    0.120611
          82        0.04    0.837073    0.119541
          83        0.36    0.831325    0.118238
          84        3.24        0.86    0.120258
          85        0.16    0.851765    0.119125
          86        6.76    0.920465    0.136115
          87        2.56     0.93931    0.135849
          88           1        0.94    0.134307
          89        0.64    0.936629     0.13284
          90        0.64    0.933333    0.131405
          91        1.44    0.938901    0.130079
          92           0    0.928696    0.129065
          93        0.16     0.92043    0.127942
          94        0.36    0.914468    0.126719
          95        0.16    0.906526    0.125634
          96        0.36    0.900833    0.124454
          97        0.04    0.891959    0.123487
          98        0.16     0.88449    0.122453
          99           1    0.885657    0.121222
         100        0.36      0.8804    0.120123
         101        0.04    0.872079    0.119222
         102        0.36    0.867059    0.118159
         103        0.04    0.859029    0.117284
         104           0    0.850769    0.116447
         105           0    0.842667    0.115619
         106        0.04    0.835094    0.114776
         107        0.04    0.827664    0.113944
         108           1    0.829259      0.1129
         109        0.64    0.827523    0.111878
         110        0.04    0.820364    0.111089
         111        0.36    0.816216    0.110166
         112        1.96    0.826429    0.109655
         113        0.64    0.824779    0.108697
         114        3.24    0.845965    0.109788
         115        4.84    0.880696    0.114195
         116        0.36    0.876207    0.113299
         117        1.44    0.881026    0.112433
         118        1.96    0.890169    0.111851
         119        2.56    0.904202    0.111788
         120        6.76       0.953     0.12104
         121        0.64    0.950413    0.120067
         122        1.44    0.954426     0.11915
         123        4.84    0.986016    0.122297
         124        1.44    0.989677    0.121366
         125        1.44     0.99328    0.120448
         126        2.56     1.00571    0.120132
         127        1.96     1.01323    0.119421
         128        0.16     1.00656    0.118674
         129           1     1.00651    0.117754
         130           0    0.998769    0.117103
         131        0.16    0.992366    0.116384
         132        0.64    0.989697    0.115533
         133           0    0.982256    0.114903
         134        0.04    0.975224    0.114261
         135        0.36    0.970667    0.113505
         136        0.64    0.968235    0.112697
         137           0    0.961168    0.112095
         138        0.04    0.954493    0.111482
         139        2.56    0.966043    0.111276
         140           1    0.966286    0.110482
         141        0.36    0.961986    0.109782
         142        0.36    0.957746    0.109091
         143        0.64    0.955524     0.10835
         144        1.44    0.958889     0.10765
         145        0.36    0.954759    0.106987
         146        1.96    0.961644    0.106476
         147        2.56    0.972517    0.106305
         148        1.96    0.979189    0.105796
         149           1    0.979329    0.105086
         150        0.16    0.973867    0.104527
         151        0.04    0.967682    0.104018
         152           1    0.967895    0.103334
         153        0.36    0.963922    0.102735
         154        0.36        0.96    0.102142
         155        0.04    0.954065    0.101656
         156        0.64    0.952051    0.101024
         157        0.04    0.946242    0.100547
         158        0.04    0.940506    0.100074
         159           1    0.940881   0.0994458
         160        0.04     0.93525   0.0989835
         161        0.64    0.933416   0.0983857
         162        0.64    0.931605    0.097795
         163        0.16    0.926871   0.0973096
         164        0.16    0.922195   0.0968285
         165        0.16    0.917576   0.0963518
         166           0    0.912048   0.0959298
         167           1    0.912575   0.0953568
         168           0    0.907143   0.0949438
         169        0.64    0.905562   0.0943951
         170        0.64       0.904   0.0938528
         171        0.36    0.900819   0.0933579
         172        0.36    0.897674    0.092868
         173        0.04    0.892717   0.0924634
         174        0.04    0.887816   0.0920618
         175        0.04    0.882971   0.0916631
         176        0.36        0.88   0.0911905
         177        0.36    0.877062   0.0907226
         178        0.04     0.87236   0.0903347
         179        0.04    0.867709   0.0899496
         180        0.04    0.863111   0.0895674
         181        0.04    0.858564   0.0891879
         182        0.04    0.854066   0.0888112
         183        0.16    0.850273   0.0884068
         184        0.36    0.847609   0.0879665
         185        0.16    0.843892   0.0875695
         186        0.64    0.842796   0.0871056
         187           0    0.838289   0.0867563
         188        0.16    0.834681   0.0863698
         189        1.96    0.840635   0.0861178
         190        1.44    0.843789   0.0857223
         191        2.56    0.852775   0.0857431
         192        0.36    0.850208   0.0853349
         193           0    0.845803   0.0850064
         194        0.04    0.841649   0.0846697
         195        0.04    0.837538   0.0843352
         196        0.04    0.833469    0.084003
         197        0.04    0.829442   0.0836731
         198        0.16    0.826061   0.0833188
         199        1.44    0.829146   0.0829572
         200        0.64      0.8282   0.0825478
         201        0.64    0.827264   0.0821425
         202        0.36     0.82495   0.0817684
         203        0.36     0.82266   0.0813976
         204        0.36    0.820392   0.0810302
         205        0.16    0.817171    0.080699
         206           1    0.818058   0.0803121
         207           0    0.814106   0.0800213
         208        0.04    0.810385   0.0797231
         209        0.16    0.807273   0.0794023
         210        1.44    0.810286   0.0790814
         211        0.04    0.806635   0.0787908
         212        0.36    0.804528   0.0784473
         213        0.36    0.802441   0.0781068
         214           0    0.798692   0.0778317
         215        0.04    0.795163   0.0775497
         216        3.24    0.806481   0.0780123
         217           1    0.807373   0.0776579
         218        0.04    0.803853   0.0773814
         219        0.36    0.801826   0.0770546
         220           4    0.816364   0.0780636
         221           4    0.830769   0.0790284
         222        3.24    0.841622    0.079414
         223        0.04    0.838027   0.0791392
         224        0.16       0.835   0.0788438
         225        0.04    0.831467   0.0785725
         226           1    0.832212   0.0782284
         227           0    0.828546   0.0779696
         228        0.04    0.825088   0.0777043
         229        1.96    0.830044   0.0775229
         230        0.36       0.828   0.0772127
         231        0.16    0.825108   0.0769326
         232        0.36    0.823103   0.0766271
         233        0.64    0.822318   0.0763023
         234           4    0.835897   0.0771752
         235           1    0.836596   0.0768499
         236        1.44    0.839153   0.0765668
         237           1    0.839831   0.0762468
         238        1.96    0.844538   0.0760715
         239           1    0.845188    0.075756
         240        0.16    0.842333   0.0754941
         241           0    0.838838   0.0752618
         242           1    0.839504   0.0749537
         243        1.44    0.841975    0.074686
         244        0.36        0.84    0.074406
         245        0.16    0.837224   0.0741541
         246           1    0.837886   0.0738556
         247        3.24    0.847611   0.0741941
         248        0.36    0.845645    0.073921
         249        0.36    0.843695   0.0736498
         250        1.96     0.84816   0.0734905
         251           4    0.860717   0.0742627
         252           4    0.873175   0.0750056
         253        0.04    0.869881   0.0747814
         254        0.36    0.867874   0.0745139
         255        0.04    0.864627   0.0742924
         256        0.04    0.861406    0.074072
         257           0    0.858054   0.0738596
         258        0.36    0.856124   0.0735985
         259        0.64     0.85529   0.0733191
         260        0.04    0.852154   0.0731041
         261        0.16    0.849502   0.0728721
         262        0.16     0.84687   0.0726415
         263           0     0.84365   0.0724366
         264        0.04    0.840606   0.0722262
         265        0.64    0.839849   0.0719576
         266        3.24    0.848872   0.0722506
         267           1    0.849438   0.0719822
         268        3.24    0.858358   0.0722642
         269        0.64    0.857546   0.0720001
         270        0.36    0.855704    0.071757
         271        0.36    0.853875   0.0715155
         272           1    0.854412   0.0712546
         273        0.64    0.853626   0.0709979
         274        0.16    0.851095   0.0707839
         275           1    0.851636   0.0705286
         276        1.96    0.855652   0.0703873
         277        3.24     0.86426   0.0706576
         278        1.44    0.866331   0.0704338
         279           1     0.86681   0.0701829
         280        1.44    0.868857   0.0699621
         281        1.96     0.87274   0.0698208
         282        1.44    0.874752   0.0696022
         283        2.56    0.880707   0.0696105
         284        5.76    0.897887   0.0714542
         285        2.56    0.903719    0.071441
         286        1.44    0.905594   0.0712159
         287        0.04    0.902578   0.0710316
         288        0.04    0.899583    0.070848
         289           0    0.896471   0.0706712
         290        0.04    0.893517   0.0704892
         291        0.36    0.891684   0.0702708
         292        0.04    0.888767   0.0700907
         293        0.04     0.88587   0.0699113
         294           0    0.882857   0.0697384
         295        1.96    0.886508   0.0695975
         296           1    0.886892   0.0693635
         297           1    0.887273    0.069131
         298        0.64    0.886443    0.068904
         299           0    0.883478   0.0687373
         300        0.64    0.882667   0.0685129
         301        0.64     0.88186     0.06829
         302        0.36    0.880132   0.0680858
         303        0.04     0.87736   0.0679175
         304        1.96    0.880921   0.0677874
         305           1    0.881311   0.0675663
         306        0.36    0.879608   0.0673669
         307        0.36    0.877915   0.0671688
         308        0.36    0.876234   0.0669717
         309        1.96    0.879741   0.0668468
         310           1    0.880129   0.0666323
         311        2.56    0.885531   0.0666366
         312        1.96    0.888974   0.0665119
         313        0.36    0.887284   0.0663209
         314           1    0.887643   0.0661107
         315        0.16    0.885333   0.0659411
         316           0    0.882532    0.065792
         317        1.96    0.885931   0.0656721
         318           4    0.895723   0.0661917
         319        3.24    0.903072   0.0663909
         320        2.56     0.90825    0.066385
         321        4.84    0.920498   0.0672987
         322        5.76    0.935528   0.0687475
         323        3.24    0.942663   0.0689038
         324        6.76    0.960617   0.0709919
         325           9    0.985354   0.0749593
         326           9     1.00994   0.0786578
         327        7.84     1.03083    0.081143
         328           4     1.03988    0.081399
         329        1.96     1.04267   0.0811997
         330        0.16        1.04   0.0809976
         331           0     1.03686   0.0808138
         332        0.04     1.03386   0.0806262
         333        0.36     1.03183   0.0804095
         334        0.36     1.02982   0.0801939
         335        0.64     1.02866   0.0799629
         336        0.16     1.02607   0.0797667
         337        0.36     1.02409   0.0795545
         338        0.64     1.02296   0.0793273
         339           1     1.02289   0.0790933
         340        1.44     1.02412   0.0788702
         341        0.16     1.02158   0.0786796
         342        0.64     1.02047   0.0784574
         343        1.44     1.02169   0.0782382
         344        0.36     1.01977   0.0780344
         345        0.04     1.01693   0.0778599
         346        2.56     1.02139   0.0777625
         347        2.56     1.02582   0.0776647
         348        0.64     1.02471   0.0774494
         349        2.56     1.02911   0.0773524
         350        1.96     1.03177   0.0771771
         351        0.04     1.02895   0.0770089
         352        0.16     1.02648   0.0768297
         353           0     1.02357    0.076667
         354        0.16     1.02113   0.0764893
         355        0.36     1.01927   0.0762965
         356        0.64      1.0182   0.0760896
         357        0.16      1.0158   0.0759144
         358        0.04     1.01307   0.0757513
         359        0.04     1.01036   0.0755888
         360           0     1.00756   0.0754309
         361        0.16     1.00521   0.0752585
         362        3.24     1.01138   0.0753033
         363           9     1.03339   0.0782456
         364        4.84     1.04385   0.0787264
         365        2.56       1.048   0.0786202
         366        0.16     1.04557   0.0784428
         367        0.64     1.04447   0.0782369
         368           1     1.04435   0.0780244
         369           4     1.05236    0.078223
         370        7.84      1.0707   0.0801339
         371       10.24     1.09542   0.0836424
         372           4     1.10323   0.0837812
         373        0.64     1.10198   0.0835658
         374        0.16     1.09947   0.0833803
         375        0.64     1.09824    0.083167
         376           1     1.09798   0.0829462
         377        0.64     1.09676   0.0827351
         378        1.96     1.09905   0.0825477
         379        2.56      1.1029   0.0824199
         380        0.36     1.10095   0.0822261
         381        0.36       1.099   0.0820333
         382        2.56     1.10283   0.0819077
         383        3.24     1.10841   0.0818837
         384        3.24     1.11396   0.0818584
         385        6.76     1.12862    0.082949
         386        0.16     1.12611    0.082772
         387        3.24     1.13158   0.0827382
         388        3.24     1.13701   0.0827032
         389        3.24     1.14242   0.0826671
         390        0.64     1.14113   0.0824652
         391        0.04     1.13831   0.0823024
         392        0.16     1.13582   0.0821302
         393           1     1.13547    0.081922
         394        0.36      1.1335   0.0817377
         395        1.44     1.13428   0.0815344
         396        0.16     1.13182   0.0813657
         397        0.04     1.12907   0.0812072
         398           1     1.12874   0.0810038
         399           1     1.12842   0.0808014
         400        0.64      1.1272   0.0806086
         401        0.04     1.12449   0.0804532
         402        1.44     1.12527   0.0802569
         403        1.96     1.12734   0.0800845
         404        1.44     1.12812     0.07989
         405        0.64     1.12691   0.0797018
         406           1      1.1266   0.0795061
         407        0.16     1.12423   0.0793462
         408           1     1.12392   0.0791523
         409        2.56     1.12743   0.0790366
         410        0.36     1.12556    0.078866
         411        0.36      1.1237   0.0786961
         412        0.04     1.12107   0.0785491
         413           4     1.12804   0.0786676
         414        7.84     1.14425   0.0801307
         415        6.76     1.15778   0.0810722
         416           4     1.16462   0.0811647
         417        2.56     1.16796    0.081039
         418        1.96     1.16986   0.0808673
         419        0.04     1.16716   0.0807192
         420        0.64      1.1659   0.0805368
         421        0.16     1.16352   0.0803809
         422           1     1.16313   0.0801914
         423        1.96     1.16501   0.0800239
         424        1.96     1.16689   0.0798572
         425        2.56     1.17016   0.0797365
         426        1.96     1.17202   0.0795709
         427           0     1.16927   0.0794319
         428           0     1.16654   0.0792932
         429        0.64     1.16531   0.0791179
         430        0.36     1.16344   0.0789561
         431        1.44     1.16408   0.0787755
         432        1.96     1.16593   0.0786147
         433        0.16      1.1636   0.0784674
         434        0.04     1.16101   0.0783293
         435        1.44     1.16166   0.0781519
         436        1.44     1.16229   0.0779753
         437           1     1.16192   0.0777977
         438        0.64     1.16073   0.0776292
         439           1     1.16036   0.0774532
         440        1.96     1.16218   0.0772985
         441           4     1.16862   0.0773906
         442           4     1.17502   0.0774802
         443        3.24     1.17968   0.0774454
         444        0.16     1.17739    0.077305
         445        0.04     1.17483   0.0771735
         446        0.04     1.17229   0.0770424
         447        0.16     1.17002   0.0769034
         448        0.16     1.16777   0.0767647
         449        1.96     1.16953   0.0766141
         450        0.64     1.16836   0.0764528
         451        1.44     1.16896   0.0762857
         452        0.16     1.16673   0.0761496
         453        0.16      1.1645   0.0760139
         454        0.04     1.16203   0.0758868
         455        0.64     1.16088   0.0757287
         456        0.16     1.15868   0.0755944
         457        0.04     1.15624   0.0754686
         458        2.56      1.1593   0.0753661
         459        2.56     1.16235   0.0752636
         460        2.56     1.16539   0.0751613
         461        1.44     1.16599   0.0750006
         462           1     1.16563   0.0748392
         463        0.36     1.16389   0.0746977
         464        0.04     1.16147    0.074576
         465        0.04     1.15905   0.0744546
         466           4     1.16515    0.074544
         467           1      1.1648   0.0743852
         468        0.36     1.16308   0.0742462
         469           0      1.1606   0.0741293
         470        1.44     1.16119   0.0739739
         471           9     1.17783   0.0756659
         472        3.24      1.1822   0.0756316
         473        4.84     1.18994    0.075866
         474        0.36     1.18819   0.0757262
         475        0.04     1.18577   0.0756053
         476        0.64     1.18462   0.0754552
         477        0.16     1.18247   0.0753276
         478        0.04     1.18008   0.0752079
         479        0.16     1.17795    0.075081
         480        0.04     1.17558    0.074962
         481        1.44     1.17613   0.0748082
         482        0.04     1.17378   0.0746901
         483        0.64     1.17267   0.0745437
         484        0.16     1.17058    0.074419
         485        1.96     1.17221   0.0742834
         486        3.24     1.17646   0.0742523
         487        0.36     1.17478   0.0741187
         488        0.04     1.17246   0.0740033
         489        0.04     1.17014   0.0738882
         490        0.16     1.16808   0.0737662
         491        0.36     1.16644   0.0736343
         492        0.36      1.1648   0.0735029
         493           0     1.16243   0.0733917
         494        0.16      1.1604   0.0732712
         495        3.24     1.16461   0.0732435
         496        1.96     1.16621   0.0731134
         497        0.04     1.16394   0.0730014
         498        0.04     1.16169   0.0728897
         499        0.04     1.15944   0.0727783
         500           1     1.15912   0.0726334
         501        0.16     1.15713   0.0725158
         502        0.16     1.15514   0.0723986
         503           0     1.15284    0.072291
         504        0.64     1.15183   0.0721548
         505        3.24     1.15596   0.0721303
         506           1     1.15565   0.0719884
         507        0.64     1.15464   0.0718536
         508        2.56      1.1574   0.0717654
         509        3.24     1.16149   0.0717409
         510        3.24     1.16557   0.0717159
         511        1.44     1.16611   0.0715776
         512        2.56     1.16883   0.0714895
         513           4     1.17435   0.0715629
         514           1     1.17401   0.0714245
         515           0     1.17173   0.0713222
         516        3.24     1.17574   0.0712965
         517           0     1.17346   0.0711948
         518           1     1.17313   0.0710582
         519        4.84     1.18019   0.0712716
         520        6.76     1.19092   0.0719378
         521        7.84     1.20369    0.072923
         522        7.84      1.2164   0.0738832
         523        6.76       1.227   0.0744984
         524        5.76     1.23565   0.0748568
         525           4     1.24091   0.0748991
         526        5.76     1.24951   0.0752479
         527        5.76     1.25806   0.0755903
         528        1.96     1.25939   0.0754588
         529        0.36     1.25769   0.0753353
         530        0.16     1.25562   0.0752216
         531        0.36     1.25394   0.0750989
         532        2.56     1.25639   0.0749978
         533        1.44     1.25674   0.0748579
         534        0.04     1.25446   0.0747524
         535           1     1.25398   0.0746142
         536        0.36     1.25231   0.0744936
         537        1.96     1.25363   0.0743666
         538           1     1.25316   0.0742298
         539        0.04     1.25091   0.0741262
         540        0.36     1.24926   0.0740073
         541           1      1.2488   0.0738719
         542           1     1.24834   0.0737371
         543        0.36      1.2467   0.0736194
         544        0.16     1.24471   0.0735112
         545        0.16     1.24272   0.0734032
         546        0.04     1.24051   0.0733019
         547           1     1.24007   0.0731692
         548           1     1.23964    0.073037
         549        1.96     1.24095   0.0729157
         550        2.56     1.24335   0.0728226
         551        0.36     1.24174    0.072708
         552        1.44      1.2421   0.0725772
         553        0.04     1.23993   0.0724785
         554        0.16     1.23798   0.0723739
         555        0.36      1.2364   0.0722608
         556        0.16     1.23446   0.0721567
         557        0.36     1.23289   0.0720443
         558        0.36     1.23133   0.0719321
         559        1.44      1.2317   0.0718044
         560        2.56     1.23407   0.0717154
         561        1.44     1.23444   0.0715885
         562        0.16     1.23253   0.0714866
         563        0.16     1.23062    0.071385
         564        0.16     1.22872   0.0712837
         565        0.04     1.22662   0.0711886
         566           0     1.22445   0.0710958
         567           0     1.22229   0.0710032
         568           0     1.22014   0.0709108
         569           1     1.21975   0.0707872
         570        1.44     1.22014   0.0706641
         571           0       1.218   0.0705726
         572        0.64     1.21699   0.0704565
         573        0.16     1.21515   0.0703577
         574        0.16     1.21331   0.0702591
         575        2.56     1.21565   0.0701759
         576        5.76     1.22354   0.0704962
         577        2.56     1.22586    0.070412
         578        6.76     1.23543   0.0709382
         579        1.96     1.23668   0.0708267
         580        1.44     1.23703   0.0707055
         581        0.64     1.23601   0.0705913
         582        0.04     1.23395   0.0704999
         583           0     1.23184   0.0704107
         584           1     1.23144   0.0702913
         585           0     1.22933   0.0702026
         586           0     1.22724   0.0701142
         587        0.04     1.22521   0.0700239
         588        0.04      1.2232   0.0699338
         589        0.04     1.22119   0.0698439
         590        1.44     1.22156   0.0697265
         591        3.24     1.22497   0.0696921
         592        3.24     1.22838   0.0696575
         593        0.16     1.22658   0.0695633
         594        0.36     1.22512   0.0694615
         595        0.64     1.22413   0.0693517
         596        2.56     1.22638   0.0692716
         597        1.96      1.2276   0.0691664
         598        0.36     1.22615    0.069066
         599        1.96     1.22738   0.0689615
         600        3.24     1.23073   0.0689281
         601           4     1.23534   0.0689673
         602        2.56     1.23754   0.0688878
         603        0.36     1.23609   0.0687889
         604        0.64      1.2351   0.0686821
         605        0.04     1.23312    0.068597
         606           0     1.23109    0.068514
         607           0     1.22906   0.0684311
         608           0     1.22704   0.0683484
         609        0.16     1.22529   0.0682587
         610        0.16     1.22354   0.0681691
         611        0.16      1.2218   0.0680797
         612        0.36     1.22039   0.0679831
         613           0      1.2184   0.0679013
         614        0.16     1.21668   0.0678126
         615        0.04     1.21476   0.0677293
         616        0.64     1.21383   0.0676258
         617        2.56     1.21601   0.0675514
         618        0.36     1.21463   0.0674563
         619        0.36     1.21325   0.0673614
         620        0.04     1.21135   0.0672793
         621        0.04     1.20947   0.0671974
         622           1     1.20913   0.0670902
         623        1.44      1.2095   0.0669836
         624        0.64     1.20859   0.0668825
         625        0.16     1.20691   0.0667965
         626        0.04     1.20505   0.0667158
         627           0     1.20313   0.0666371
         628        0.16     1.20146   0.0665516
         629        0.36     1.20013   0.0664593
         630        0.16     1.19848   0.0663743
         631        0.64     1.19759    0.066275
         632        0.36     1.19627   0.0661834
         633        3.24     1.19949   0.0661575
         634           0      1.1976   0.0660802
         635        0.16     1.19597   0.0659964
         636        0.16     1.19434   0.0659127
         637        0.04     1.19253   0.0658341
         638        0.16     1.19091   0.0657508
         639           1     1.19061   0.0656486
         640        0.64     1.18975   0.0655517
         641           0     1.18789   0.0654757
         642           1      1.1876   0.0653744
         643        0.36     1.18631   0.0652854
         644        0.16     1.18472   0.0652034
         645        0.64     1.18388   0.0651078
         646           0     1.18204   0.0650328
         647        0.64     1.18121   0.0649377
         648        0.04     1.17944   0.0648614
         649        1.96     1.18065   0.0647726
         650        5.76     1.18769   0.0650549
         651       12.96     1.20578   0.0674215
         652          16     1.22847   0.0710338
         653        7.84     1.23859   0.0716429
         654           9     1.25046   0.0725097
         655        6.76     1.25887   0.0728852
         656           9     1.27067   0.0737232
         657        1.44     1.27093   0.0736114
         658        0.36     1.26954   0.0735126
         659        0.36     1.26816    0.073414
         660        0.64     1.26721   0.0733089
         661        3.24      1.2702   0.0732587
         662        1.96     1.27124   0.0731555
         663           0     1.26932   0.0730703
         664        0.16     1.26765   0.0729793
         665           0     1.26574   0.0728945
         666           0     1.26384   0.0728098
         667        0.04     1.26201   0.0727238
         668        0.04     1.26018   0.0726379
         669        0.16     1.25854   0.0725479
         670        0.04     1.25672   0.0724624
         671           1     1.25633   0.0723555
         672        1.96     1.25738   0.0722554
         673           1       1.257    0.072149
         674        1.44     1.25727   0.0720425
         675        0.64     1.25636   0.0719415
         676        1.44     1.25663   0.0718356
         677        3.24     1.25956   0.0717892
         678           1     1.25917   0.0716844
         679           1     1.25879   0.0715798
         680        0.04       1.257    0.071497
         681        0.04     1.25521   0.0714143
         682        0.04     1.25343   0.0713319
         683        0.16     1.25183   0.0712454
         684        0.16     1.25023   0.0711591
         685        0.16     1.24864    0.071073
         686        0.64     1.24776   0.0709749
         687        0.04       1.246   0.0708934
         688        0.16     1.24442   0.0708079
         689        0.36     1.24313   0.0707168
         690        0.64     1.24226   0.0706197
         691        0.64     1.24139   0.0705229
         692        1.44     1.24168   0.0704216
         693           1     1.24133   0.0703208
         694           1     1.24098   0.0702203
         695        1.44     1.24127   0.0701199
         696           1     1.24092     0.07002
         697        2.56     1.24281   0.0699451
         698        3.24     1.24567   0.0699034
         699        7.84     1.25511   0.0704371
         700        7.84     1.26451   0.0709619
         701       10.24     1.27732   0.0720065
         702           4      1.2812   0.0720083
         703        1.44     1.28142   0.0719062
         704        0.04     1.27966   0.0718257
         705           0     1.27784   0.0717467
         706        0.36     1.27654   0.0716569
         707        0.64     1.27564   0.0715612
         708        0.04      1.2739   0.0714814
         709           0      1.2721   0.0714032
         710        0.36     1.27082   0.0713141
         711        3.24     1.27359   0.0712676
         712        1.96     1.27455    0.071174
         713        0.64     1.27366   0.0710798
         714        0.16      1.2721   0.0709973
         715        0.04     1.27038   0.0709189
         716        1.44     1.27061   0.0708203
         717        2.56     1.27241   0.0707443
         718        4.84     1.27738   0.0708201
         719        1.96     1.27833    0.070728
         720           4     1.28211   0.0707307
         721        1.96     1.28305   0.0706388
         722           1     1.28266   0.0705421
         723        1.96      1.2836   0.0704507
         724        3.24      1.2863   0.0704052
         725        1.44     1.28651   0.0703084
         726        0.36     1.28523   0.0702232
         727        0.16     1.28369   0.0701436
         728        1.44      1.2839   0.0700476
         729        1.96     1.28483   0.0699577
         730        4.84      1.2897   0.0700311
         731        0.36     1.28843   0.0699469
         732        1.96     1.28934   0.0698573
         733           1     1.28895   0.0697631
         734           1     1.28856   0.0696692
         735        3.24     1.29121    0.069625
         736        0.64     1.29033    0.069536
         737        1.44     1.29053    0.069442
         738        3.24     1.29317   0.0693981
         739        0.64     1.29229   0.0693098
         740        0.64     1.29141   0.0692218
         741           0     1.28966   0.0691503
         742           1     1.28927   0.0690582
         743        1.44     1.28948   0.0689655
         744        0.16     1.28796   0.0688895
         745        0.16     1.28644   0.0688137
         746           1     1.28606   0.0687225
         747           1     1.28568   0.0686316
         748        0.36     1.28444    0.068551
         749        0.04     1.28278   0.0684796
         750        0.04     1.28112   0.0684084
         751        0.04     1.27947   0.0683372
         752        1.96     1.28037   0.0682523
         753        1.44     1.28058    0.068162
         754           1     1.28021   0.0680727
         755           1     1.27984   0.0679835
         756           4     1.28344   0.0679887
         757           1     1.28306   0.0678999
         758        0.64     1.28222   0.0678157
         759           1     1.28184   0.0677273
         760           1     1.28147   0.0676392
         761        0.36     1.28026   0.0675612
         762        0.36     1.27906   0.0674833
         763        0.04     1.27743   0.0674144
         764        0.64      1.2766   0.0673313
         765        1.44     1.27681   0.0672437
         766           0     1.27514   0.0671765
         767        0.36     1.27395   0.0670995
         768        0.64     1.27312   0.0670173
         769        0.36     1.27194   0.0669406
         770        0.16     1.27049   0.0668693
         771        0.64     1.26968   0.0667875
         772        0.36      1.2685   0.0667114
         773           4     1.27203   0.0667186
         774           4     1.27556   0.0667255
         775        1.96     1.27644   0.0666452
         776        1.44     1.27665   0.0665597
         777        2.56      1.2783   0.0664945
         778        0.04     1.27671   0.0664281
         779        0.16     1.27528   0.0663583
         780           1     1.27492   0.0662741
         781        0.16      1.2735   0.0662046
         782           0     1.27187     0.06614
         783        0.04     1.27029   0.0660742
         784           1     1.26995   0.0659909
         785        1.44     1.27017   0.0659072
         786           1     1.26982   0.0658242
         787        0.64     1.26902   0.0657454
         788        0.64     1.26822   0.0656668
         789        0.04     1.26667   0.0656021
         790           1     1.26633   0.0655199
         791        0.36     1.26518   0.0654471
         792           0     1.26359   0.0653839
         793        0.36     1.26245   0.0653114
         794           0     1.26086   0.0652485
         795        0.16     1.25947   0.0651811
         796        1.44      1.2597   0.0650996
         797           4     1.26314   0.0651087
         798           4     1.26657   0.0651174
         799        4.84     1.27104   0.0651893
         800        1.44     1.27125   0.0651081
         801        0.16     1.26986   0.0650416
         802        0.36     1.26873   0.0649704
         803        0.04      1.2672   0.0649075
         804        0.04     1.26567   0.0648447
         805        0.36     1.26455   0.0647739
         806        0.64     1.26377   0.0646982
         807        0.16      1.2624   0.0646325
         808        0.04     1.26089   0.0645702
         809        0.16     1.25953   0.0645047
         810        0.64     1.25877   0.0644296
         811        1.44     1.25899   0.0643506
         812        0.04     1.25749   0.0642888
         813        0.16     1.25614   0.0642239
         814        0.04     1.25464   0.0641624
         815        0.36     1.25355   0.0640931
         816        0.16     1.25221   0.0640285
         817        1.44     1.25244   0.0639506
         818        1.96      1.2533   0.0638782
         819        0.04     1.25182   0.0638174
         820        0.36     1.25073   0.0637489
         821        0.16      1.2494   0.0636851
         822           0     1.24788   0.0636257
         823        0.04     1.24642   0.0635653
         824        0.16      1.2451   0.0635019
         825        0.16     1.24378   0.0634385
         826        0.04     1.24232   0.0633784
         827        0.04     1.24087   0.0633185
         828        0.04     1.23942   0.0632586
         829        0.04     1.23797   0.0631988
         830        3.24     1.24039   0.0631687
         831        1.44     1.24063   0.0630932
         832        1.44     1.24087   0.0630178
         833           4     1.24418   0.0630291
         834        2.56     1.24576   0.0629733
         835           1     1.24546   0.0628986
         836           1     1.24517    0.062824
         837        2.56     1.24674   0.0627686
         838        2.56     1.24831   0.0627132
         839        0.16     1.24701   0.0626519
         840        0.16     1.24571   0.0625907
         841        0.36     1.24466   0.0625251
         842        2.56     1.24622   0.0624704
         843           1     1.24593    0.062397
         844        3.24     1.24829   0.0623677
         845           4     1.25155   0.0623789
         846        2.56      1.2531   0.0623243
         847        6.76      1.2596   0.0625889
         848        3.24     1.26193   0.0625587
         849        2.56     1.26346   0.0625037
         850        2.56     1.26499   0.0624488
         851        0.16     1.26369   0.0623889
         852        0.16     1.26239   0.0623291
         853        0.16      1.2611   0.0622694
         854        0.64     1.26037   0.0622008
         855        0.64     1.25965   0.0621322
         856        4.84     1.26383   0.0622003
         857           1     1.26352   0.0621285
         858        1.44     1.26373   0.0620564
         859        2.56     1.26524   0.0620025
         860        3.24     1.26753   0.0619729
         861        0.04     1.26611   0.0619173
         862        2.56     1.26761   0.0618637
         863        0.64     1.26688   0.0617963
         864        1.96     1.26769     0.06173
         865        0.36     1.26664   0.0616675
         866        0.04     1.26522   0.0616126
         867        0.36     1.26418   0.0615504
         868        1.96     1.26498   0.0614847
         869           0     1.26352   0.0614311
         870        0.16     1.26225   0.0613736
         871        0.64     1.26154   0.0613073
         872        1.96     1.26234   0.0612422
         873           4     1.26548   0.0612523
         874        1.44     1.26568   0.0611826
         875        0.64     1.26496   0.0611168
         876           1     1.26466   0.0610478
         877        3.24     1.26691   0.0610197
         878        1.96      1.2677   0.0609553
         879        2.56     1.26917   0.0609037
         880        1.96     1.26995   0.0608396
         881        4.84     1.27401   0.0609053
         882           1      1.2737   0.0608371
         883        3.24     1.27592   0.0608089
         884        3.24     1.27814   0.0607807
         885        2.56     1.27959   0.0607293
         886        0.04     1.27819   0.0606768
         887        0.36     1.27716   0.0606173
         888        0.04     1.27577    0.060565
         889        1.44     1.27595   0.0604972
         890           1     1.27564     0.06043
         891        0.36     1.27461   0.0603709
         892           1      1.2743    0.060304
         893        1.96     1.27507   0.0602414
         894        3.24     1.27727   0.0602141
         895        0.04     1.27589   0.0601626
         896        0.16     1.27464   0.0601084
         897        0.04     1.27327   0.0600571
         898        0.64     1.27256   0.0599944
         899        0.04     1.27119   0.0599433
         900        0.04     1.26982   0.0598923
         901           1     1.26952   0.0598266
         902        3.24     1.27171   0.0598001
         903        3.24     1.27389   0.0597736
         904        3.24     1.27606   0.0597471
         905        2.56     1.27748   0.0596979
         906        0.64     1.27678   0.0596361
         907        2.56     1.27819   0.0595872
         908        3.24     1.28035   0.0595607
         909        5.76     1.28528   0.0596987
         910        5.76      1.2902   0.0598353
         911           9     1.29866   0.0603651
         912           4     1.30162   0.0603716
         913        0.16     1.30037   0.0603184
         914        1.44     1.30053   0.0602526
         915        0.16     1.29928   0.0601996
         916        0.64     1.29856   0.0601382
         917           1     1.29823   0.0600735
         918        1.44     1.29839   0.0600083
         919        0.36     1.29737   0.0599517
         920        0.64     1.29665   0.0598908
         921        0.64     1.29594     0.05983
         922        0.04     1.29458   0.0597806
         923        1.44     1.29473    0.059716
         924        0.64     1.29403   0.0596556
         925        0.64     1.29332   0.0595953
         926           1       1.293   0.0595318
         927        0.04     1.29165   0.0594829
         928        0.04      1.2903   0.0594341
         929        0.64      1.2896   0.0593742
         930        0.36      1.2886   0.0593188
         931        0.64     1.28791   0.0592592
         932           1      1.2876   0.0591964
         933        1.44     1.28776   0.0591332
         934        1.44     1.28792   0.0590701
         935        0.64     1.28723    0.059011
         936        1.96     1.28795   0.0589523
         937           0     1.28657   0.0589054
         938           1     1.28627   0.0588434
         939        4.84     1.29005   0.0589023
         940        4.84     1.29383   0.0589606
         941        4.84      1.2976   0.0590183
         942        3.24     1.29966   0.0589916
         943        0.64     1.29896   0.0589332
         944        1.44     1.29911    0.058871
         945        0.04     1.29778   0.0588238
         946        0.64     1.29708   0.0587657
         947        0.64     1.29639   0.0587077
         948        0.36      1.2954   0.0586541
         949           0     1.29404   0.0586082
         950        0.36     1.29305   0.0585547
         951        0.16     1.29186   0.0585053
         952        0.36     1.29088    0.058452
         953        2.56     1.29221   0.0584058
         954        0.64     1.29153   0.0583486
         955        1.96     1.29223   0.0582917
         956        0.64     1.29155   0.0582347
         957           0      1.2902   0.0581895
         958        0.16     1.28902   0.0581407
         959           0     1.28767   0.0580957
         960        0.64       1.287   0.0580391
         961        0.04      1.2857   0.0579932
         962        0.36     1.28474   0.0579409
         963        0.36     1.28378   0.0578887
         964           0     1.28245   0.0578439
         965        0.16     1.28128   0.0577957
         966        0.16     1.28012   0.0577475
         967        0.16     1.27897   0.0576994
         968           0     1.27764   0.0576549
         969        0.16     1.27649    0.057607
         970           0     1.27518   0.0575626
         971           0     1.27386   0.0575183
         972           4     1.27667   0.0575275
         973        0.16     1.27552   0.0574798
         974           0     1.27421   0.0574357
         975        0.36     1.27327   0.0573844
         976           0     1.27197   0.0573405
         977        0.64     1.27132   0.0572854
         978        4.84     1.27497   0.0573429
         979           1     1.27469   0.0572851
         980        0.64     1.27404   0.0572303
         981        0.36     1.27311   0.0571795
         982        0.16     1.27198   0.0571325
         983        0.04     1.27072   0.0570881
         984           4      1.2735   0.0570975
         985        1.44     1.27366   0.0570397
         986        0.04     1.27241   0.0569956
         987        0.64     1.27177   0.0569415
         988        0.64     1.27113   0.0568874
         989        0.64      1.2705   0.0568335
         990        1.96     1.27119   0.0567803
         991        0.36     1.27027   0.0567305
         992        1.44     1.27044   0.0566736
         993        0.16     1.26933   0.0566275
         994        0.36     1.26841   0.0565779
         995        1.44     1.26858   0.0565213
         996        0.16     1.26747   0.0564755
         997        0.64     1.26684   0.0564224
         998           1     1.26657   0.0563665
         999        1.44     1.26675   0.0563104
        1000        0.16     1.26564   0.0562649
