0 36.5818
1 33.2954
2 31.3197
3 29.6105
4 27.6993
5 25.5914
6 23.2917
7 21.9419
8 20.5211
9 18.8961
10 16.6403
11 16.0423
12 15.755
13 15.0534
14 14.8413
15 13.9871
16 13.6293
17 13.5812
18 13.4172
19 13.1383
20 13.318
21 13.1101
22 13.3192
23 13.185
24 12.7892
25 12.2908
26 12.1539
27 11.9356
28 11.8176
29 11.7667
30 11.4615
31 11.3686
32 11.6675
33 11.5553
34 11.394
35 11.3999
36 11.309
37 11.3616
38 11.466
39 11.118
40 11.1237
41 11.0583
42 11.1049
43 10.9735
44 10.7745
45 10.7274
46 10.4622
47 10.2732
48 9.96597
49 9.40569
50 9.28661
51 8.83801
52 8.70775
53 8.62801
54 8.69693
55 8.66747
56 8.70899
57 8.83396
58 8.69017
59 8.79405
60 8.758
61 8.60118
62 8.56789
63 8.55277
64 8.56764
65 8.26326
66 7.96599
67 7.75583
68 7.71594
69 7.39608
70 7.46078
71 7.57363
72 7.42032
73 7.39117
74 7.28325
75 7.2537
76 7.36265
77 7.32914
78 7.23983
79 7.46851
80 7.59393
81 7.12698
82 7.17537
83 7.23029
84 7.12789
85 7.12507
86 7.11975
87 7.11975
88 7.11975
89 7.13843
90 7.18831
91 7.12377
92 7.2938
93 7.21396
94 7.12361
95 7.17738
96 7.14471
97 7.12332
98 7.22943
99 7.23261
100 7.34819
101 7.21222
102 7.21819
103 7.22558
104 7.32159
105 7.16009
106 7.27741
107 7.29374
108 7.20185
109 7.18398
110 7.11993
111 7.11975
112 7.1223
113 7.12958
114 7.19751
115 7.20292
116 7.13028
117 7.12688
118 7.11975
119 7.11976
120 7.14244
121 7.16609
122 7.19272
123 7.21952
124 7.28865
125 7.13877
126 7.22428
127 7.18886
128 7.3185
129 7.34002
130 7.37927
131 7.21987
132 7.21331
133 7.30372
134 7.42942
135 7.16414
136 7.24641
137 7.24255
138 7.14878
139 7.24403
140 7.32001
141 7.28215
142 7.29361
143 7.3045
144 6.86742
145 6.76396
146 6.61403
147 6.52676
148 6.66355
149 6.5847
150 6.62085
151 6.52824
152 6.52129
153 6.52346
154 6.41342
155 6.39179
156 6.45969
157 6.37541
158 6.44808
159 6.59619
160 6.54085
161 6.45056
162 6.36548
163 6.25732
164 6.27541
165 6.50838
166 6.51396
167 6.3391
168 6.29155
169 6.29197
170 6.27313
171 6.34001
172 6.32962
173 6.43759
174 6.30361
175 6.39344
176 6.30759
177 6.44275
178 6.4873
179 6.73011
180 7.10015
181 6.8127
182 6.59445
183 6.23634
184 6.23267
185 6.28633
186 6.32384
187 6.40367
188 6.49733
189 6.37381
190 6.3203
191 6.30315
192 6.24382
193 6.46962
194 6.58303
195 6.44437
196 6.38937
197 6.40201
198 6.32536
199 6.3175
