0 32.3251
1 29.5009
2 29.3284
3 23.8879
4 22.5627
5 22.4599
6 22.3687
7 22.0376
8 21.3609
9 21.7277
10 21.2828
11 20.7759
12 20.2482
13 20.2482
14 19.7078
15 19.7923
16 17.1993
17 17.8182
18 17.8154
19 17.8182
20 17.7486
21 15.1167
22 15.1182
23 15.6264
24 14.6654
25 14.6231
26 14.6231
27 13.7102
28 13.7009
29 13.1661
30 11.7632
31 9.7673
32 9.69473
33 9.6947
34 9.6945
35 9.6947
36 9.42778
37 9.31512
38 9.31497
39 9.31497
40 9.31497
41 9.31497
42 9.24508
43 9.24508
44 8.7411
45 8.15472
46 8.15596
47 7.88904
48 7.88904
49 7.45537
50 7.40492
51 7.40492
52 7.21004
53 6.91712
54 7.21004
55 7.21004
56 7.21004
57 7.21004
58 7.21004
59 7.21004
60 7.0662
61 7.0662
62 7.0662
63 7.0662
64 7.0662
65 7.0662
66 7.0662
67 6.72456
68 6.72456
69 6.43164
70 6.43164
71 6.43161
72 6.43161
73 6.43161
74 6.43161
75 6.42067
76 6.42067
77 6.42067
78 6.42067
79 6.42067
80 6.42067
81 6.42067
82 6.42067
83 6.42067
84 6.42067
85 6.42067
86 6.42067
87 6.42067
88 6.42067
89 6.42067
90 6.42067
91 6.42067
92 6.42067
93 6.42067
94 6.42067
95 6.42067
96 6.42067
97 6.42067
98 6.42067
99 6.23099
100 6.23099
101 6.23099
102 6.23099
103 6.23099
104 6.23099
105 6.23099
106 6.23099
107 6.23099
108 6.23099
109 6.23099
110 6.23099
111 6.23099
112 6.23099
113 6.23099
114 6.23099
115 6.23099
116 6.23099
117 6.23099
118 6.23099
119 6.23099
120 6.23099
121 6.23099
122 6.23099
123 6.23099
124 6.23099
125 6.23099
126 6.23099
127 6.23099
128 6.23099
129 6.23099
130 6.23099
131 6.23099
132 6.23099
133 6.23099
134 6.23099
135 6.23099
136 6.23099
137 6.23099
138 6.23099
139 6.23099
140 6.23099
141 6.23099
142 6.23099
143 6.23099
144 6.23099
145 6.23099
146 6.23099
147 6.23099
148 6.23099
149 6.23099
150 6.23099
151 6.23099
152 6.23099
153 6.23099
154 6.23099
155 6.23099
156 6.23099
157 6.23099
158 6.23099
159 6.23099
160 6.23099
161 6.23099
162 6.23099
163 6.23099
164 6.23099
165 6.23099
166 6.23099
167 6.23099
168 6.23099
169 6.23099
170 6.23099
171 6.23099
172 6.23099
173 6.23099
174 6.23099
175 6.23099
176 6.23099
177 6.23099
178 6.23099
179 6.23099
180 6.23099
181 6.23099
182 6.23099
183 6.23099
184 6.23099
185 6.23099
186 6.23099
187 6.23099
188 6.23099
189 6.23099
190 6.23099
191 6.23099
192 6.23099
193 6.23099
194 6.23099
195 6.23099
196 6.23099
197 6.23099
198 6.23099
199 6.23099
0 32.5824
1 29.6512
2 27.65
3 26.7657
4 25.2606
5 20.9406
6 20.5314
7 20.4713
8 16.069
9 15.7394
10 14.6
11 14.6
12 14.6
13 13.1434
14 13.0126
15 13.0126
16 13.0028
17 13.0028
18 13.0028
19 12.8578
20 12.9668
21 12.9667
22 12.9667
23 12.9667
24 12.1112
25 11.7191
26 11.7191
27 11.2316
28 11.2316
29 11.2316
30 11.2316
31 11.2316
32 11.2316
33 11.2316
34 11.2316
35 11.2316
36 11.2316
37 11.1434
38 10.7119
39 10.7119
40 10.4714
41 10.7053
42 10.7053
43 10.4648
44 10.4648
45 10.4648
46 9.92767
47 9.17627
48 9.17627
49 8.60099
50 8.60099
51 8.55147
52 8.55147
53 8.55147
54 8.55147
55 8.55147
56 8.55147
57 8.55147
58 8.55147
59 8.55147
60 8.55147
61 8.55147
62 8.55147
63 8.55147
64 8.55147
65 7.44125
66 7.44125
67 7.37423
68 7.37423
69 7.23719
70 7.23719
71 7.23719
72 7.23719
73 7.23719
74 7.23719
75 7.23719
76 7.23719
77 7.11975
78 7.11975
79 7.11975
80 7.11975
81 7.11975
82 7.11975
83 7.11975
84 7.11975
85 7.11975
86 7.11975
87 7.11975
88 7.11975
89 7.11975
90 7.11975
91 7.11975
92 7.11975
93 7.11975
94 7.11975
95 7.11975
96 7.11975
97 7.11975
98 7.11975
99 7.11975
100 7.11975
101 7.11975
102 7.11975
103 7.11975
104 7.11975
105 7.11975
106 7.11975
107 7.11975
108 7.11975
109 7.11975
110 7.11975
111 7.11975
112 7.11975
113 7.11975
114 7.11975
115 7.11975
116 7.11975
117 7.11975
118 7.11975
119 7.11975
120 7.11975
121 7.11975
122 7.11975
123 7.11975
124 7.11975
125 7.11975
126 7.11975
127 7.11975
128 7.11975
129 7.11975
130 7.11975
131 7.11975
132 7.11975
133 7.11975
134 7.11975
135 7.11975
136 7.11975
137 7.11975
138 7.11975
139 7.11975
140 7.11975
141 7.11975
142 6.44958
143 6.44958
144 6.44958
145 6.44958
146 6.44958
147 6.44958
148 6.44958
149 6.37249
150 6.37249
151 6.37249
152 6.37249
153 6.37249
154 6.37249
155 6.37249
156 6.37249
157 6.37249
158 6.37249
159 6.37249
160 6.24193
161 6.24193
162 6.24193
163 6.24193
164 6.23099
165 6.23099
166 6.23099
167 6.23099
168 6.23099
169 6.23099
170 6.23099
171 6.23099
172 6.23099
173 6.23099
174 6.23099
175 6.23099
176 6.23099
177 6.23099
178 6.23099
179 6.23099
180 6.23099
181 6.23099
182 6.23099
183 6.23099
184 6.23099
185 6.23099
186 6.23099
187 6.23099
188 6.23099
189 6.23099
190 6.23099
191 6.23099
192 6.23099
193 6.23099
194 6.23099
195 6.23099
196 6.23099
197 6.23099
198 6.23099
199 6.23099
