0 436.04
1 422.374
2 413.757
3 375.25
4 352.994
5 353.198
6 330.94
7 331.567
8 308.907
9 295.881
10 293.68
11 283.362
12 279.804
13 281.237
14 279.142
15 278.496
16 269.35
17 268.48
18 264.144
19 264.144
20 261.594
21 261.594
22 261.594
23 251.243
24 253.803
25 246.957
26 246.957
27 234.088
28 230.855
29 230.855
30 229.233
31 229.306
32 225.687
33 225.804
34 223.124
35 222.877
36 218.434
37 218.434
38 218.434
39 218.434
40 216.518
41 209.982
42 208.545
43 205.913
44 205.387
45 205.387
46 204.439
47 204.439
48 202.959
49 202.153
50 202.153
51 201.574
52 199.292
53 199.03
54 198.38
55 196.577
56 195.503
57 193.981
58 193.831
59 193.831
60 191.882
61 187.975
62 188.04
63 188.305
64 185.581
65 182.957
66 180.203
67 180.203
68 179.477
69 178.759
70 177.891
71 177.452
72 177.258
73 174.309
74 174.725
75 174.725
76 173.871
77 173.871
78 173.871
79 173.871
80 171.062
81 172.283
82 171.912
83 171.912
84 171.912
85 171.348
86 170.898
87 170.133
88 169.248
89 170.462
90 169.697
91 168.687
92 169.438
93 168.602
94 168.602
95 168.207
96 167.274
97 166.92
98 166.92
99 166.366
100 162.204
101 162.204
102 160.356
103 159.573
104 159.573
105 159.573
106 157.858
107 158.688
108 158.688
109 158.688
110 157.461
111 155.334
112 155.822
113 155.822
114 155.822
115 155.446
116 154.648
117 154.09
118 152.466
119 152.37
120 152.466
121 152.466
122 152.466
123 152.466
124 152.466
125 151.79
126 151.335
127 150.094
128 149.756
129 149.389
130 149.427
131 149.277
132 147.062
133 147.062
134 145.874
135 143.936
136 143.936
137 143.767
138 143.502
139 143.502
140 143.502
141 143.502
142 143.502
143 143.14
144 143.14
145 142.485
146 142.485
147 142.485
148 142.485
149 141.7
150 141.7
151 141.7
152 141.7
153 141.394
154 141.306
155 140.792
156 140.605
157 140.296
158 139.863
159 139.235
160 138.721
161 138.721
162 138.721
163 138.553
164 138.466
165 138.466
166 138.466
167 138.466
168 138.246
169 138.089
170 138.089
171 137.921
172 137.921
173 137.635
174 137.635
175 137.608
176 137.328
177 137.328
178 137.328
179 137.328
180 137.328
181 137.328
182 137.328
183 136.603
184 136.485
185 136.485
186 135.755
187 135.755
188 133.95
189 133.95
190 133.95
191 133.95
192 133.95
193 133.95
194 133.361
195 133.361
196 133.361
197 133.361
198 133.361
199 133.361
200 133.361
201 133.298
202 133.361
203 133.361
204 133.284
205 131.452
206 131.452
207 131.452
208 131.39
209 131.39
210 131.39
211 131.39
212 131.03
213 130.806
214 130.49
215 129.35
216 129.35
217 129.35
218 129.35
219 129.35
220 127.999
221 128.894
222 128.894
223 128.894
224 127.511
225 127.511
226 127.511
227 126.799
228 126.799
229 123.093
230 123.093
231 123.093
232 119.142
233 119.142
234 118.795
235 118.795
236 118.665
237 118.665
238 118.665
239 118.665
240 117.452
241 117.452
242 117.312
243 116.217
244 116.217
245 115.332
246 115.455
247 115.236
248 115.016
249 115.112
250 113.284
251 113.284
252 113.284
253 113.284
254 111.827
255 111.4
256 110.66
257 110.9
258 110.9
259 110.115
260 110.115
261 110.115
262 110.115
263 109.896
264 109.896
265 109.896
266 109.896
267 109.896
268 109.676
269 109.676
270 109.676
271 109.676
272 109.676
273 109.676
274 109.392
275 109.676
276 109.676
277 109.676
278 109.676
279 109.676
280 109.676
281 109.676
282 109.676
283 109.059
284 109.059
285 109.059
286 109.059
287 109.059
288 109.059
289 108.501
290 108.501
291 107.916
292 107.74
293 107.831
294 107.563
295 107.563
296 107.563
297 107.43
298 107.43
299 107.43
