0 423.719
1 410.304
2 391.682
3 380.184
4 371.245
5 367.536
6 345.084
7 343.841
8 339.194
9 326.583
10 321.293
11 312.59
12 311.531
13 299.428
14 290.738
15 290.888
16 289.077
17 284.436
18 282.359
19 278.3
20 267.534
21 265.177
22 259.264
23 258.195
24 255.981
25 251.62
26 253.029
27 246.606
28 243.973
29 238.697
30 237.06
31 236.855
32 230.529
33 225.613
34 226.026
35 221.086
36 219.689
37 215.951
38 215.603
39 214.953
40 213.746
41 212.067
42 211.205
43 210.611
44 207.134
45 201.939
46 201.12
47 197.123
48 197.849
49 197.849
50 197.336
51 196.033
52 193.292
53 193.616
54 189.476
55 189.476
56 189.476
57 189.476
58 184.172
59 181.191
60 181.644
61 180.686
62 180.161
63 179.705
64 178.78
65 178.947
66 174.53
67 173.116
68 173.116
69 173.116
70 172.896
71 172.896
72 171.767
73 171.767
74 169.247
75 168.783
76 167.84
77 167.84
78 166.288
79 164.669
80 164.669
81 164.669
82 164.35
83 164.669
84 164.448
85 163.656
86 164.448
87 163.402
88 163.05
89 161.321
90 161.321
91 160.746
92 160.746
93 160.4
94 155.407
95 155.144
96 155.144
97 154.107
98 154.077
99 154.077
100 154.077
101 153.311
102 152.748
103 150.594
104 147.916
105 149.801
106 142.9
107 142.98
108 142.98
109 142.98
110 142.783
111 141.624
112 141.246
113 141.246
114 141.246
115 141.036
116 141.036
117 140.655
118 140.261
119 139.184
120 140.038
121 140.038
122 139.747
123 138.931
124 138.903
125 138.173
126 132.558
127 132.558
128 132.558
129 132.558
130 132.558
131 132.297
132 132.208
133 130.336
134 130.336
135 130.139
136 129.974
137 129.974
138 129.167
139 129.824
140 128.161
141 128.01
142 126.492
143 126.492
144 126.492
145 125.938
146 125.938
147 123.919
148 123.674
149 123.012
150 123.012
151 121.769
152 121.769
153 121.018
154 121.164
155 121.128
156 121.128
157 119.468
158 121.089
159 120.243
160 120.243
161 120.243
162 120.243
163 120.243
164 120.243
165 119.529
166 120.243
167 119.949
168 120.082
169 120.082
170 119.351
171 119.28
172 118.938
173 118.152
174 117.795
175 117.198
176 117.198
177 117.198
178 115.87
179 115.87
180 115.87
181 115.87
182 115.87
183 115.87
184 114.226
185 114.226
186 114.226
187 114.226
188 114.226
189 113.532
190 113.532
191 113.532
192 113.157
193 113.157
194 113.157
195 112.901
196 112.901
197 112.901
198 112.901
199 112.901
200 112.901
201 112.901
202 112.041
203 112.041
204 112.041
205 112.041
206 112.041
207 112.041
208 112.041
209 112.041
210 111.492
211 111.091
212 111.05
213 110.369
214 110.369
215 110.369
216 110.369
217 110.369
218 110.369
219 110.369
220 110.369
221 110.369
222 109.635
223 109.635
224 109.635
225 108.682
226 108.682
227 108.682
228 108.682
229 108.682
230 108.682
231 108.682
232 108.625
233 108.682
234 108.682
235 108.682
236 108.682
237 108.123
238 108.123
239 108.123
240 108.123
241 108.123
242 108.123
243 107.951
244 107.938
245 107.938
246 107.596
247 107.406
248 107.406
249 107.406
250 106.412
251 106.412
252 106.412
253 106.412
254 106.412
255 106.412
256 106.412
257 106.412
258 105.596
259 105.596
260 105.596
261 103.766
262 103.766
263 103.766
264 103.766
265 103.766
266 103.766
267 103.766
268 103.766
269 103.766
270 103.766
271 103.766
272 103.485
273 102.804
274 102.804
275 102.804
276 102.804
277 102.804
278 102.804
279 102.804
280 102.804
281 102.59
282 102.59
283 102.59
284 102.515
285 102.515
286 102.515
287 102.515
288 102.515
289 102.515
290 102.515
291 102.515
292 101.961
293 101.452
294 101.961
295 101.961
296 101.731
297 101.731
298 101.731
299 101.382
