0 436.04
0 418.754
0 423.719
0 415.619
0 411.239
1 422.374
1 410.304
1 402.794
1 405.703
1 403.836
2 413.757
2 391.682
2 394.598
2 386.025
2 387.209
3 375.25
3 380.184
3 380.196
3 383.35
3 373.666
4 352.994
4 371.245
4 380.197
4 377.295
4 359.489
5 353.198
5 367.536
5 366.28
5 370.71
5 354.339
6 355.322
6 345.084
6 330.94
6 357.542
6 346.358
7 348.898
7 343.841
7 331.567
7 339.849
7 338.175
8 339.868
8 339.194
8 308.907
8 339.858
8 331.153
9 318.63
9 326.583
9 295.881
9 332.136
9 331.661
10 311.615
10 321.293
10 293.68
10 319.364
10 330.851
11 312.59
11 311.239
11 313.471
11 283.362
11 328.769
12 311.531
12 305.005
12 313.153
12 279.804
12 324.466
13 299.428
13 304.484
13 296.353
13 281.237
13 316.807
14 290.738
14 295.204
14 302.729
14 279.142
14 312.83
15 274.401
15 278.496
15 290.888
15 297.528
15 292.581
16 269.35
16 298.379
16 289.077
16 288.101
16 272.395
17 281.793
17 268.48
17 284.436
17 270.74
17 282.355
18 264.144
18 281.409
18 270.455
18 282.359
18 282.355
19 264.144
19 281.409
19 278.3
19 267.802
19 279.144
20 266.147
20 279.11
20 277.127
20 261.594
20 267.534
21 261.634
21 274.098
21 275.087
21 261.594
21 265.177
22 268.775
22 259.926
22 273.183
22 261.594
22 259.264
23 266.713
23 259.926
23 269.321
23 251.243
23 258.195
24 261.639
24 259.831
24 265.48
24 253.803
24 255.981
25 253.513
25 259.831
25 258.834
25 246.957
25 251.62
26 252.485
26 256.076
26 256.909
26 246.957
26 253.029
27 249.372
27 257.22
27 254.966
27 246.606
27 234.088
28 248.631
28 255.381
28 251.971
28 243.973
28 230.855
29 237.748
29 254.34
29 246.536
29 238.697
29 230.855
30 229.233
30 242.52
30 237.06
30 237.748
30 253.083
31 241.437
31 241.462
31 229.306
31 237.748
31 236.855
32 231.358
32 241.087
32 230.529
32 225.687
32 236.421
33 240.555
33 225.804
33 225.613
33 233.989
33 230.969
34 226.026
34 235.96
34 223.124
34 233.603
34 231.03
35 221.086
35 233.067
35 222.877
35 229.622
35 227.713
36 219.689
36 226.006
36 218.434
36 227.783
36 228.457
37 215.951
37 227.716
37 218.434
37 226.006
37 227.863
38 226.68
38 215.603
38 218.434
38 225.148
38 221.643
39 226.68
39 214.953
39 225.148
39 218.434
39 219.829
40 218.303
40 213.746
40 223.421
40 216.518
40 218.853
41 215.318
41 212.067
41 224.504
41 209.982
41 218.938
42 208.016
42 211.205
42 218.592
42 208.545
42 216.938
43 208.016
43 210.611
43 216.311
43 205.913
43 216.831
44 206.058
44 215.31
44 207.134
44 205.387
44 218.011
45 205.387
45 201.939
45 201.538
45 213.529
45 217.855
46 201.12
46 214.375
46 217.855
46 204.439
46 201.58
47 213.037
47 197.123
47 213.349
47 204.439
47 200.359
48 212.677
48 197.849
48 212.512
48 202.959
48 196.629
49 212.833
49 212.089
49 197.849
49 185.116
49 202.153
50 212.27
50 209.334
50 197.336
50 182.847
50 202.153
51 208.317
51 209.895
51 182.449
51 196.033
51 201.574
52 208.181
52 205.263
52 182.687
52 193.292
52 199.292
53 208.089
53 203.811
53 182.449
53 193.616
53 199.03
54 204.821
54 202.611
54 189.476
54 182.352
54 198.38
55 207.79
55 202.119
55 189.476
55 176.046
55 196.577
56 201.848
56 204.566
56 189.476
56 174.804
56 195.503
57 201.637
57 199.957
57 189.476
57 175.419
57 193.981
58 201.484
58 200.206
58 184.172
58 175.419
58 193.831
59 201.384
59 197.6
59 172.348
59 181.191
59 193.831
60 191.882
60 181.644
60 173.364
60 200.578
60 195.958
61 195.958
61 171.432
61 200.407
61 180.686
61 187.975
62 171.417
62 193.246
62 198.652
62 180.161
62 188.04
63 171.417
63 179.705
63 194.812
63 198.6
63 188.305
64 194.812
64 170.115
64 198.6
64 178.78
64 185.581
65 194.208
65 178.947
65 194.264
65 169.641
65 182.957
66 174.53
66 193.026
66 180.203
66 169.395
66 191.202
67 180.203
67 173.116
67 167.79
67 192.208
67 189.707
68 179.477
68 167.79
68 173.116
68 190.54
68 189.858
69 178.759
69 173.116
69 167.102
69 186.05
69 189.858
70 177.891
70 183.659
70 172.896
70 166.905
70 188.748
71 183.659
71 177.452
71 172.896
71 167.089
71 187.967
72 171.767
72 183.332
72 177.258
72 164.778
72 186.271
73 171.767
73 183.659
73 166.905
73 174.309
73 186.271
74 169.247
74 181.868
74 167.032
74 174.725
74 186.271
75 174.725
75 168.783
75 165.076
75 183.617
75 181.868
76 167.84
76 184.25
76 181.18
76 173.871
76 165.076
77 180.547
77 183.078
77 167.84
77 173.871
77 165.076
78 166.288
78 182.84
78 179.359
78 173.871
78 163.824
79 179.061
79 164.669
79 178.758
79 173.871
79 161.341
80 178.488
80 178.758
80 164.669
80 171.062
80 161.341
81 164.669
81 178.147
81 178.587
81 161.057
81 172.283
82 164.35
82 161.057
82 178.071
82 171.912
82 178.284
83 161.057
83 164.669
83 171.912
83 176.754
83 178.038
84 164.448
84 159.985
84 176.754
84 171.912
84 176.256
85 160.703
85 171.348
85 163.656
85 171.989
85 175.475
86 160.183
86 171.989
86 170.898
86 164.448
86 175.475
87 160.183
87 171.989
87 170.133
87 163.402
87 175.358
88 160.183
88 171.989
88 163.05
88 169.248
88 175.475
89 160.087
89 171.181
89 170.462
89 161.321
89 175.348
90 169.697
90 172.959
90 169.469
90 159.846
90 161.321
91 168.687
91 171.319
91 168.879
91 159.846
91 160.746
92 158.419
92 168.957
92 160.746
92 169.438
92 168.879
93 159.242
93 168.51
93 170.934
93 168.602
93 160.4
94 159.242
94 168.602
94 170.132
94 168.51
94 155.407
95 158.923
95 168.207
95 168.51
95 167.737
95 155.144
96 158.851
96 167.274
96 168.193
96 155.144
96 168.51
97 158.74
97 166.92
97 168.193
97 154.107
97 166.912
98 158.74
98 166.92
98 154.077
98 168.042
98 163.889
99 158.74
99 166.366
99 154.077
99 166.582
99 166.386
100 157.547
100 162.204
100 154.077
100 166.582
100 164.964
101 162.204
101 156.646
101 153.311
101 165.868
101 164.083
102 160.356
102 155.695
102 152.748
102 166.08
102 164.083
103 155.401
103 159.573
103 150.594
103 166.08
103 164.083
104 155.424
104 159.573
104 147.916
104 165.317
104 162.681
105 159.573
105 154.699
105 161.528
105 162.681
105 149.801
106 152.823
106 142.9
106 161.528
106 162.075
106 157.858
107 151.49
107 158.688
107 142.98
107 161.482
107 162.075
108 149.668
108 158.688
108 161.482
108 142.98
108 162.075
109 148.632
109 158.688
109 142.98
109 161.45
109 160.974
110 148.632
110 157.461
110 142.783
110 156.158
110 159.642
111 147.886
111 155.334
111 156.136
111 141.624
111 159.994
112 147.886
112 155.822
112 156.158
112 141.246
112 160.022
113 147.774
113 155.822
113 156.158
113 141.246
113 157.367
114 146.637
114 155.822
114 156.158
114 141.246
114 157.367
115 145.153
115 155.446
115 156.158
115 141.036
115 157.367
116 154.648
116 145.233
116 156.158
116 141.036
116 157.367
117 154.09
117 145.233
117 156.067
117 140.655
117 156.899
118 152.466
118 145.226
118 155.304
118 140.261
118 154.578
119 145.226
119 152.37
119 152.99
119 139.184
119 154.606
120 152.466
120 145.226
120 153.458
120 140.038
120 152.99
121 152.99
121 145.226
121 140.038
121 152.466
121 153.141
122 152.99
122 139.747
122 152.466
122 145.226
122 152.126
123 152.466
123 145.226
123 138.931
123 152.046
123 152.612
124 152.466
124 145.226
124 151.756
124 138.903
124 152.612
125 145.226
125 151.149
125 151.79
125 138.173
125 152.612
126 149.406
126 151.335
126 145.156
126 132.558
126 152.612
127 149.406
127 150.094
127 132.558
127 145.226
127 151.424
128 149.406
128 149.756
128 144.184
128 132.558
128 151.144
129 149.406
129 149.389
129 132.558
129 144.184
129 151.144
130 148.951
130 132.558
130 149.427
130 144.184
130 149.726
131 148.321
131 132.297
131 143.772
131 149.277
131 150.651
132 147.082
132 132.208
132 143.772
132 147.062
132 150.651
133 147.054
133 130.336
133 143.772
133 147.062
133 150.651
134 147.054
134 130.336
134 145.874
134 143.772
134 149.623
135 143.936
135 130.139
135 149.164
135 143.772
135 146.781
136 129.974
136 143.936
136 146.625
136 148.355
136 143.772
137 129.974
137 143.767
137 143.772
137 146.627
137 148.05
138 129.167
138 146.627
138 143.502
138 148.05
138 143.025
139 129.824
139 143.772
139 146.508
139 148.05
139 143.502
140 128.161
140 145.868
140 143.772
140 143.502
140 147.295
141 143.502
141 146.141
141 128.01
141 141.397
141 146.611
142 143.502
142 142.212
142 126.492
142 144.999
142 145.965
143 126.492
143 141.572
143 144.999
143 143.14
143 145.965
144 126.492
144 145.436
144 144.788
144 140.627
144 143.14
145 125.938
145 144.709
145 140.627
145 145.781
145 142.485
146 125.938
146 144.768
146 144.709
146 142.485
146 140.627
147 144.768
147 123.919
147 144.709
147 142.485
147 140.395
148 144.768
148 123.674
148 144.709
148 142.485
148 139.215
149 144.714
149 123.012
149 142.782
149 141.7
149 139.991
150 141.7
150 144.768
150 139.215
150 123.012
150 142.782
151 139.215
151 142.32
151 121.769
151 144.364
151 141.7
152 121.769
152 139.641
152 141.7
152 139.215
152 142.782
153 142.427
153 139.215
153 121.018
153 141.394
153 139.641
154 139.215
154 121.164
154 142.427
154 141.306
154 137.569
155 139.215
155 121.128
155 140.792
155 142.427
155 137.569
156 139.215
156 121.128
156 137.165
156 140.605
156 142.427
157 139.194
157 140.296
157 119.468
157 141.535
157 137.165
158 139.073
158 121.089
158 139.863
158 137.165
158 140.274
159 139.073
159 120.243
159 139.235
159 136.966
159 139.142
160 139.045
160 120.243
160 136.966
160 139.142
160 138.721
161 136.567
161 120.243
161 139.142
161 136.618
161 138.721
162 120.243
162 137.213
162 136.322
162 139.142
162 138.721
163 120.243
163 137.213
163 135.892
163 139.142
163 138.553
164 120.243
164 135.98
164 136.017
164 138.578
164 138.466
165 138.466
165 134.987
165 119.529
165 138.578
165 135.35
166 138.466
166 120.243
166 134.987
166 135.757
166 135.771
167 138.466
167 119.949
167 135.605
167 134.987
167 135.771
168 138.246
168 120.082
168 135.605
168 134.778
168 135.771
169 135.491
169 138.089
169 120.082
169 134.987
169 135.771
170 135.491
170 119.351
170 138.089
170 134.987
170 135.738
171 135.491
171 119.28
171 137.921
171 134.987
171 135.738
172 134.919
172 137.921
172 134.987
172 118.938
172 135.738
173 134.919
173 134.987
173 118.152
173 137.635
173 135.738
174 134.919
174 134.987
174 137.635
174 117.795
174 135.226
175 134.362
175 133.94
175 137.608
175 117.198
175 135.38
176 134.362
176 133.411
176 137.328
176 117.198
176 135.226
177 134.362
177 133.045
177 137.328
177 135.226
177 117.198
178 131.357
178 133.045
178 135.226
178 115.87
178 137.328
179 133.045
179 134.362
179 137.328
179 135.226
179 115.87
180 134.87
180 137.328
180 134.362
180 133.045
180 115.87
181 134.511
181 137.328
181 115.87
181 133.045
181 134.362
182 134.511
182 115.87
182 133.045
182 137.328
182 134.362
183 115.87
183 132.616
183 134.511
183 134.362
183 136.603
184 114.226
184 133.045
184 134.375
184 134.362
184 136.485
185 114.226
185 133.045
185 133.222
185 136.485
185 134.217
186 133.036
186 114.226
186 132.613
186 135.755
186 134.362
187 133.036
187 114.226
187 130.939
187 135.755
187 134.362
188 132.962
188 114.226
188 131.158
188 133.95
188 133.823
189 132.258
189 113.532
189 130.412
189 133.95
189 133.823
190 132.962
190 113.532
190 130.412
190 133.95
190 133.823
191 132.962
191 113.532
191 130.412
191 133.95
191 133.823
192 132.962
192 113.157
192 130.404
192 133.509
192 133.95
193 132.382
193 130.057
193 113.157
193 133.95
193 133.509
194 132.282
194 113.157
194 130.057
194 131.589
194 133.361
195 133.361
195 131.589
195 130.057
195 112.901
195 132.382
196 130.057
196 112.901
196 130.948
196 133.361
196 132.382
197 129.837
197 133.361
197 132.382
197 112.901
197 130.948
198 129.479
198 132.382
198 133.361
198 112.901
198 130.768
199 128.948
199 131.507
199 133.361
199 130.768
199 112.901
200 128.589
200 130.969
200 133.361
200 130.252
200 112.901
201 130.297
201 128.315
201 133.298
201 130.768
201 112.901
202 130.297
202 133.361
202 127.957
202 130.614
202 112.041
203 130.297
203 133.361
203 128.315
203 130.406
203 112.041
204 130.045
204 133.284
204 128.315
204 130.406
204 112.041
205 130.045
205 131.452
205 128.315
205 112.041
205 130.406
206 130.045
206 131.452
206 128.315
206 112.041
206 130.406
207 129.761
207 131.452
207 127.463
207 130.406
207 112.041
208 131.39
208 129.38
208 126.495
208 130.406
208 112.041
209 131.39
209 129.38
209 126.495
209 130.406
209 112.041
210 130.406
210 126.495
210 111.492
210 131.39
210 129.168
211 111.091
211 131.39
211 126.495
211 129.165
211 130.406
212 111.05
212 129.165
212 131.03
212 126.495
212 130.406
213 110.369
213 130.806
213 129.165
213 126.495
213 130.406
214 110.369
214 130.49
214 127.305
214 126.495
214 130.406
215 110.369
215 129.35
215 126.817
215 126.495
215 129.751
216 110.369
216 125.693
216 129.35
216 126.495
216 130.406
217 110.369
217 125.31
217 129.35
217 125.844
217 130.406
218 110.369
218 129.35
218 125.31
218 125.844
218 129.751
219 110.369
219 129.35
219 125.733
219 125.31
219 129.751
220 110.369
220 127.999
220 125.733
220 125.31
220 129.751
221 110.369
221 128.894
221 125.733
221 125.31
221 129.751
222 109.635
222 128.894
222 125.733
222 125.31
222 128.729
223 109.635
223 128.894
223 125.733
223 125.188
223 128.729
224 109.635
224 127.511
224 125.188
224 125.733
224 128.684
225 127.511
225 108.682
225 124.619
225 125.733
225 128.684
226 108.682
226 128.167
226 127.511
226 123.364
226 125.733
227 128.356
227 108.682
227 124.619
227 126.799
227 125.733
228 128.356
228 108.682
228 124.619
228 126.799
228 125.733
229 128.684
229 108.682
229 124.619
229 123.093
229 125.203
230 128.684
230 123.093
230 124.619
230 108.682
230 125.203
231 128.684
231 123.093
231 124.619
231 108.682
231 125.203
232 128.684
232 124.563
232 119.142
232 108.625
232 125.203
233 128.684
233 108.682
233 124.446
233 119.142
233 125.203
234 128.684
234 108.682
234 124.446
234 118.795
234 125.203
235 128.684
235 108.682
235 123.353
235 118.795
235 125.203
236 128.684
236 108.682
236 123.353
236 118.665
236 125.203
237 128.684
237 108.123
237 123.294
237 118.665
237 125.203
238 108.123
238 128.684
238 123.294
238 118.665
238 125.203
239 108.123
239 128.684
239 122.909
239 118.665
239 124.763
240 117.452
240 128.684
240 122.909
240 124.763
240 108.123
241 121.626
241 117.452
241 108.123
241 124.763
241 127.953
242 117.312
242 124.291
242 121.529
242 126.088
242 108.123
243 116.217
243 124.291
243 126.088
243 107.951
243 120.38
244 116.217
244 126.088
244 107.938
244 124.091
244 119.117
245 115.332
245 124.446
245 107.938
245 119.117
245 124.091
246 115.455
246 126.088
246 119.117
246 107.596
246 123.769
247 115.236
247 126.088
247 123.769
247 107.406
247 118.801
248 115.016
248 126.088
248 107.406
248 118.801
248 123.769
249 115.112
249 126.088
249 118.801
249 107.406
249 123.09
250 113.284
250 125.897
250 106.412
250 118.229
250 123.769
251 113.284
251 125.36
251 118.229
251 106.412
251 123.769
252 113.284
252 125.897
252 123.769
252 118.229
252 106.412
253 113.284
253 123.769
253 125.897
253 118.229
253 106.412
254 111.827
254 106.412
254 123.769
254 125.483
254 118.229
255 111.4
255 123.769
255 106.412
255 118.229
255 125.483
256 110.66
256 106.412
256 123.769
256 124.907
256 117.617
257 110.9
257 106.412
257 123.349
257 124.907
257 118.229
258 110.9
258 105.596
258 123.349
258 124.907
258 118.229
259 110.115
259 124.371
259 105.596
259 123.349
259 118.229
260 110.115
260 105.596
260 124.907
260 123.349
260 118.229
261 110.115
261 124.907
261 103.766
261 122.873
261 118.229
262 110.115
262 124.636
262 103.766
262 122.737
262 118.229
263 109.896
263 124.636
263 103.766
263 118.081
263 120.673
264 124.636
264 109.896
264 103.766
264 118.081
264 120.673
265 109.896
265 124.636
265 103.766
265 117.696
265 120.673
266 109.896
266 124.391
266 103.766
266 116.173
266 120.673
267 109.896
267 122.985
267 103.766
267 116.173
267 120.428
268 109.676
268 122.985
268 103.766
268 116.173
268 120.428
269 109.676
269 122.469
269 103.766
269 116.173
269 120.428
270 109.676
270 122.985
270 116.173
270 120.047
270 103.766
271 103.766
271 109.676
271 122.985
271 120.428
271 116.173
272 103.485
272 109.676
272 122.985
272 120.428
272 116.173
273 102.804
273 109.676
273 122.985
273 120.428
273 116.173
274 102.804
274 109.392
274 122.72
274 120.428
274 115.599
275 109.676
275 102.804
275 122.72
275 120.428
275 115.599
276 115.599
276 109.676
276 102.804
276 120.428
276 122.72
277 102.804
277 115.599
277 122.72
277 120.428
277 109.676
278 102.804
278 115.599
278 120.428
278 122.028
278 109.676
279 102.804
279 115.599
279 120.428
279 109.676
279 122.203
280 102.804
280 120.428
280 115.599
280 122.203
280 109.676
281 102.59
281 120.389
281 115.599
281 122.203
281 109.676
282 102.59
282 120.389
282 115.599
282 122.203
282 109.676
283 120.389
283 102.59
283 115.599
283 122.203
283 109.059
284 120.389
284 102.515
284 114.542
284 109.059
284 122.203
285 109.059
285 102.515
285 121.232
285 120.36
285 114.542
286 121.702
286 120.36
286 102.515
286 114.542
286 109.059
287 121.582
287 120.36
287 102.515
287 109.059
287 114.542
288 102.515
288 121.582
288 120.145
288 114.542
288 109.059
289 119.479
289 102.515
289 121.702
289 114.461
289 108.501
290 119.479
290 121.702
290 102.515
290 114.461
290 108.501
291 119.361
291 121.369
291 102.515
291 114.461
291 107.916
292 119.361
292 121.369
292 101.961
292 114.461
292 107.74
293 119.361
293 101.452
293 114.461
293 121.369
293 107.831
294 119.361
294 101.961
294 121.349
294 107.563
294 114.461
295 118.594
295 120.901
295 107.563
295 101.961
295 114.192
296 118.594
296 120.901
296 101.731
296 107.563
296 114.192
297 118.594
297 101.731
297 120.901
297 114.192
297 107.43
298 118.594
298 118.107
298 101.731
298 113.382
298 107.43
299 118.594
299 118.107
299 101.382
299 107.43
299 113.382
