0 415.619
1 405.703
2 386.025
3 380.196
4 380.197
5 366.28
6 355.322
7 348.898
8 339.868
9 318.63
10 311.615
11 311.239
12 305.005
13 296.353
14 295.204
15 274.401
16 272.395
17 270.74
18 270.455
19 267.802
20 266.147
21 261.634
22 259.926
23 259.926
24 259.831
25 259.831
26 256.076
27 257.22
28 255.381
29 254.34
30 253.083
31 241.437
32 241.087
33 240.555
34 235.96
35 233.067
36 227.783
37 227.716
38 226.68
39 226.68
40 218.303
41 215.318
42 208.016
43 208.016
44 206.058
45 201.538
46 201.58
47 200.359
48 196.629
49 185.116
50 182.847
51 182.449
52 182.687
53 182.449
54 182.352
55 176.046
56 174.804
57 175.419
58 175.419
59 172.348
60 173.364
61 171.432
62 171.417
63 171.417
64 170.115
65 169.641
66 169.395
67 167.79
68 167.79
69 167.102
70 166.905
71 167.089
72 164.778
73 166.905
74 167.032
75 165.076
76 165.076
77 165.076
78 163.824
79 161.341
80 161.341
81 161.057
82 161.057
83 161.057
84 159.985
85 160.703
86 160.183
87 160.183
88 160.183
89 160.087
90 159.846
91 159.846
92 158.419
93 159.242
94 159.242
95 158.923
96 158.851
97 158.74
98 158.74
99 158.74
100 157.547
101 156.646
102 155.695
103 155.401
104 155.424
105 154.699
106 152.823
107 151.49
108 149.668
109 148.632
110 148.632
111 147.886
112 147.886
113 147.774
114 146.637
115 145.153
116 145.233
117 145.233
118 145.226
119 145.226
120 145.226
121 145.226
122 145.226
123 145.226
124 145.226
125 145.226
126 145.156
127 145.226
128 144.184
129 144.184
130 144.184
131 143.772
132 143.772
133 143.772
134 143.772
135 143.772
136 143.772
137 143.772
138 143.025
139 143.772
140 143.772
141 141.397
142 142.212
143 141.572
144 140.627
145 140.627
146 140.627
147 140.395
148 139.215
149 139.991
150 139.215
151 139.215
152 139.215
153 139.215
154 139.215
155 139.215
156 139.215
157 139.194
158 139.073
159 139.073
160 139.045
161 136.567
162 137.213
163 137.213
164 135.98
165 135.35
166 135.771
167 135.771
168 135.771
169 135.771
170 135.738
171 135.738
172 135.738
173 135.738
174 135.226
175 135.38
176 135.226
177 135.226
178 135.226
179 135.226
180 134.87
181 134.511
182 134.511
183 134.511
184 134.375
185 133.222
186 132.613
187 130.939
188 131.158
189 130.412
190 130.412
191 130.412
192 130.404
193 130.057
194 130.057
195 130.057
196 130.057
197 129.837
198 129.479
199 128.948
200 128.589
201 128.315
202 127.957
203 128.315
204 128.315
205 128.315
206 128.315
207 127.463
208 126.495
209 126.495
210 126.495
211 126.495
212 126.495
213 126.495
214 126.495
215 126.495
216 126.495
217 125.844
218 125.844
219 125.733
220 125.733
221 125.733
222 125.733
223 125.733
224 125.733
225 125.733
226 125.733
227 125.733
228 125.733
229 125.203
230 125.203
231 125.203
232 125.203
233 125.203
234 125.203
235 125.203
236 125.203
237 125.203
238 125.203
239 124.763
240 124.763
241 124.763
242 124.291
243 124.291
244 124.091
245 124.091
246 123.769
247 123.769
248 123.769
249 123.09
250 123.769
251 123.769
252 123.769
253 123.769
254 123.769
255 123.769
256 123.769
257 123.349
258 123.349
259 123.349
260 123.349
261 122.873
262 122.737
263 120.673
264 120.673
265 120.673
266 120.673
267 120.428
268 120.428
269 120.428
270 120.047
271 120.428
272 120.428
273 120.428
274 120.428
275 120.428
276 120.428
277 120.428
278 120.428
279 120.428
280 120.428
281 120.389
282 120.389
283 120.389
284 120.389
285 120.36
286 120.36
287 120.36
288 120.145
289 119.479
290 119.479
291 119.361
292 119.361
293 119.361
294 119.361
295 118.594
296 118.594
297 118.594
298 118.594
299 118.594
