0 411.239
1 402.794
2 394.598
3 383.35
4 377.295
5 370.71
6 357.542
7 339.849
8 339.858
9 332.136
10 319.364
11 313.471
12 313.153
13 304.484
14 302.729
15 292.581
16 288.101
17 282.355
18 282.355
19 279.144
20 277.127
21 274.098
22 268.775
23 266.713
24 261.639
25 253.513
26 252.485
27 249.372
28 248.631
29 237.748
30 237.748
31 237.748
32 236.421
33 233.989
34 233.603
35 227.713
36 226.006
37 226.006
38 225.148
39 225.148
40 223.421
41 224.504
42 218.592
43 216.311
44 215.31
45 213.529
46 214.375
47 213.349
48 212.512
49 212.089
50 209.334
51 208.317
52 205.263
53 203.811
54 202.611
55 202.119
56 201.848
57 199.957
58 200.206
59 197.6
60 195.958
61 195.958
62 193.246
63 194.812
64 194.812
65 194.264
66 191.202
67 189.707
68 190.54
69 186.05
70 183.659
71 183.659
72 183.332
73 183.659
74 181.868
75 181.868
76 181.18
77 180.547
78 179.359
79 178.758
80 178.758
81 178.587
82 178.071
83 176.754
84 176.754
85 171.989
86 171.989
87 171.989
88 171.989
89 171.181
90 169.469
91 168.879
92 168.879
93 168.51
94 168.51
95 168.51
96 168.51
97 166.912
98 163.889
99 166.386
100 164.964
101 164.083
102 164.083
103 164.083
104 162.681
105 162.681
106 162.075
107 162.075
108 162.075
109 160.974
110 156.158
111 156.136
112 156.158
113 156.158
114 156.158
115 156.158
116 156.158
117 156.067
118 155.304
119 152.99
120 152.99
121 152.99
122 152.99
123 152.612
124 152.612
125 152.612
126 152.612
127 151.424
128 151.144
129 151.144
130 149.726
131 150.651
132 150.651
133 150.651
134 149.623
135 149.164
136 148.355
137 148.05
138 148.05
139 148.05
140 147.295
141 146.611
142 145.965
143 145.965
144 145.436
145 145.781
146 144.768
147 144.768
148 144.768
149 144.714
150 144.768
151 144.364
152 139.641
153 139.641
154 137.569
155 137.569
156 137.165
157 137.165
158 137.165
159 136.966
160 136.966
161 136.618
162 136.322
163 135.892
164 136.017
165 134.987
166 134.987
167 134.987
168 134.778
169 134.987
170 134.987
171 134.987
172 134.987
173 134.987
174 134.987
175 133.94
176 133.411
177 133.045
178 133.045
179 133.045
180 133.045
181 133.045
182 133.045
183 132.616
184 133.045
185 133.045
186 133.036
187 133.036
188 132.962
189 132.258
190 132.962
191 132.962
192 132.962
193 132.382
194 132.282
195 132.382
196 132.382
197 132.382
198 132.382
199 131.507
200 130.969
201 130.297
202 130.297
203 130.297
204 130.045
205 130.045
206 130.045
207 129.761
208 129.38
209 129.38
210 129.168
211 129.165
212 129.165
213 129.165
214 127.305
215 126.817
216 125.693
217 125.31
218 125.31
219 125.31
220 125.31
221 125.31
222 125.31
223 125.188
224 125.188
225 124.619
226 123.364
227 124.619
228 124.619
229 124.619
230 124.619
231 124.619
232 124.563
233 124.446
234 124.446
235 123.353
236 123.353
237 123.294
238 123.294
239 122.909
240 122.909
241 121.626
242 121.529
243 120.38
244 119.117
245 119.117
246 119.117
247 118.801
248 118.801
249 118.801
250 118.229
251 118.229
252 118.229
253 118.229
254 118.229
255 118.229
256 117.617
257 118.229
258 118.229
259 118.229
260 118.229
261 118.229
262 118.229
263 118.081
264 118.081
265 117.696
266 116.173
267 116.173
268 116.173
269 116.173
270 116.173
271 116.173
272 116.173
273 116.173
274 115.599
275 115.599
276 115.599
277 115.599
278 115.599
279 115.599
280 115.599
281 115.599
282 115.599
283 115.599
284 114.542
285 114.542
286 114.542
287 114.542
288 114.542
289 114.461
290 114.461
291 114.461
292 114.461
293 114.461
294 114.461
295 114.192
296 114.192
297 114.192
298 113.382
299 113.382
