0 418.754
1 403.836
2 387.209
3 373.666
4 359.489
5 354.339
6 346.358
7 338.175
8 331.153
9 331.661
10 330.851
11 328.769
12 324.466
13 316.807
14 312.83
15 297.528
16 298.379
17 281.793
18 281.409
19 281.409
20 279.11
21 275.087
22 273.183
23 269.321
24 265.48
25 258.834
26 256.909
27 254.966
28 251.971
29 246.536
30 242.52
31 241.462
32 231.358
33 230.969
34 231.03
35 229.622
36 228.457
37 227.863
38 221.643
39 219.829
40 218.853
41 218.938
42 216.938
43 216.831
44 218.011
45 217.855
46 217.855
47 213.037
48 212.677
49 212.833
50 212.27
51 209.895
52 208.181
53 208.089
54 204.821
55 207.79
56 204.566
57 201.637
58 201.484
59 201.384
60 200.578
61 200.407
62 198.652
63 198.6
64 198.6
65 194.208
66 193.026
67 192.208
68 189.858
69 189.858
70 188.748
71 187.967
72 186.271
73 186.271
74 186.271
75 183.617
76 184.25
77 183.078
78 182.84
79 179.061
80 178.488
81 178.147
82 178.284
83 178.038
84 176.256
85 175.475
86 175.475
87 175.358
88 175.475
89 175.348
90 172.959
91 171.319
92 168.957
93 170.934
94 170.132
95 167.737
96 168.193
97 168.193
98 168.042
99 166.582
100 166.582
101 165.868
102 166.08
103 166.08
104 165.317
105 161.528
106 161.528
107 161.482
108 161.482
109 161.45
110 159.642
111 159.994
112 160.022
113 157.367
114 157.367
115 157.367
116 157.367
117 156.899
118 154.578
119 154.606
120 153.458
121 153.141
122 152.126
123 152.046
124 151.756
125 151.149
126 149.406
127 149.406
128 149.406
129 149.406
130 148.951
131 148.321
132 147.082
133 147.054
134 147.054
135 146.781
136 146.625
137 146.627
138 146.627
139 146.508
140 145.868
141 146.141
142 144.999
143 144.999
144 144.788
145 144.709
146 144.709
147 144.709
148 144.709
149 142.782
150 142.782
151 142.32
152 142.782
153 142.427
154 142.427
155 142.427
156 142.427
157 141.535
158 140.274
159 139.142
160 139.142
161 139.142
162 139.142
163 139.142
164 138.578
165 138.578
166 135.757
167 135.605
168 135.605
169 135.491
170 135.491
171 135.491
172 134.919
173 134.919
174 134.919
175 134.362
176 134.362
177 134.362
178 131.357
179 134.362
180 134.362
181 134.362
182 134.362
183 134.362
184 134.362
185 134.217
186 134.362
187 134.362
188 133.823
189 133.823
190 133.823
191 133.823
192 133.509
193 133.509
194 131.589
195 131.589
196 130.948
197 130.948
198 130.768
199 130.768
200 130.252
201 130.768
202 130.614
203 130.406
204 130.406
205 130.406
206 130.406
207 130.406
208 130.406
209 130.406
210 130.406
211 130.406
212 130.406
213 130.406
214 130.406
215 129.751
216 130.406
217 130.406
218 129.751
219 129.751
220 129.751
221 129.751
222 128.729
223 128.729
224 128.684
225 128.684
226 128.167
227 128.356
228 128.356
229 128.684
230 128.684
231 128.684
232 128.684
233 128.684
234 128.684
235 128.684
236 128.684
237 128.684
238 128.684
239 128.684
240 128.684
241 127.953
242 126.088
243 126.088
244 126.088
245 124.446
246 126.088
247 126.088
248 126.088
249 126.088
250 125.897
251 125.36
252 125.897
253 125.897
254 125.483
255 125.483
256 124.907
257 124.907
258 124.907
259 124.371
260 124.907
261 124.907
262 124.636
263 124.636
264 124.636
265 124.636
266 124.391
267 122.985
268 122.985
269 122.469
270 122.985
271 122.985
272 122.985
273 122.985
274 122.72
275 122.72
276 122.72
277 122.72
278 122.028
279 122.203
280 122.203
281 122.203
282 122.203
283 122.203
284 122.203
285 121.232
286 121.702
287 121.582
288 121.582
289 121.702
290 121.702
291 121.369
292 121.369
293 121.369
294 121.349
295 120.901
296 120.901
297 120.901
298 118.107
299 118.107
