#     BLOCK:   VELOCITY:     AVE_POFV:       ERROR:
           1    0.113199     0.05775           0
           1    0.339598      1.6565           0
           1    0.565997       4.008           0
           1    0.792396     7.30825           0
           1      1.0188     9.76025           0
           1     1.24519     11.3245           0
           1     1.47159     9.89225           0
           1     1.69799     10.0843           0
           1     1.92439     11.9682           0
           1     2.15079     10.7193           0
           1     2.37719       8.642           0
           1     2.60359       6.683           0
           1     2.82999     6.15475           0
           1     3.05639     2.21375           0
           1     3.28278     2.18825           0
           1     3.50918     0.83775           0
           1     3.73558     1.35425           0
           1     3.96198     2.03125           0
           1     4.18838       0.653           0
           1     4.41478     0.39125           0
           1     4.64118      0.0175           0
           1     4.86758       0.002           0
           1     5.09398      0.0455           0
           1     5.32037      0.0065           0
           1     5.54677           0           0
           1     5.77317           0           0
           1     5.99957           0           0
           1     6.22597           0           0
           1     6.45237           0           0
           1     6.67877           0           0
           2    0.113199    0.231375    0.122771
           2    0.339598     1.75875   0.0723017
           2    0.565997     4.33625    0.232108
           2    0.792396     6.91913    0.275153
           2      1.0188     9.76912  0.00627557
           2     1.24519     11.0493    0.194631
           2     1.47159     10.5861    0.490644
           2     1.69799     10.7468    0.468458
           2     1.92439     10.3397     1.15152
           2     2.15079       9.995    0.512122
           2     2.37719     9.28787    0.456703
           2     2.60359       7.268    0.413657
           2     2.82999     5.96787    0.132141
           2     3.05639     2.52125    0.217435
           2     3.28278     2.16575   0.0159099
           2     3.50918     1.14162    0.214872
           2     3.73558     1.47687    0.086709
           2     3.96198     1.42037    0.431954
           2     4.18838    0.684875    0.022539
           2     4.41478    0.236875     0.10916
           2     4.64118       0.011  0.00459619
           2     4.86758     0.03325   0.0220971
           2     5.09398      0.0355  0.00707107
           2     5.32037     0.00975   0.0022981
           2     5.54677    0.007625  0.00539169
           2     5.77317           0           0
           2     5.99957           0           0
           2     6.22597           0           0
           2     6.45237           0           0
           2     6.67877           0           0
           3    0.113199    0.246833   0.0828151
           3    0.339598     1.62858      0.1167
           3    0.565997     3.78417    0.476593
           3    0.792396     6.78358    0.214234
           3      1.0188     9.52225    0.201616
           3     1.24519      11.179     0.16751
           3     1.47159     10.2747    0.414322
           3     1.69799     12.2011     1.22784
           3     1.92439     10.1921    0.777093
           3     2.15079     10.6243    0.616931
           3     2.37719     9.16358    0.320936
           3     2.60359     7.23283    0.277262
           3     2.82999     5.25233    0.590842
           3     3.05639     2.71217    0.212866
           3     3.28278      2.5575    0.320038
           3     3.50918     1.15558    0.143701
           3     3.73558     1.17633    0.252108
           3     3.96198     1.28342     0.30892
           3     4.18838    0.739417   0.0469998
           3     4.41478      0.2255   0.0733633
           3     4.64118  0.00733333  0.00428391
           3     4.86758   0.0221667   0.0172889
           3     5.09398   0.0236667   0.0107505
           3     5.32037      0.0065  0.00306413
           3     5.54677  0.00508333  0.00415052
           3     5.77317           0           0
           3     5.99957           0           0
           3     6.22597           0           0
           3     6.45237           0           0
           3     6.67877           0           0
           4    0.113199     0.19525   0.0765078
           4    0.339598     1.71919    0.117548
           4    0.565997     4.19912    0.506863
           4    0.792396     6.26569    0.476423
           4      1.0188     9.07025    0.419634
           4     1.24519     11.4079    0.234718
           4     1.47159     11.0679    0.754002
           4     1.69799     12.8369     1.07296
           4     1.92439     10.2076    0.582974
           4     2.15079     10.8176     0.49203
           4     2.37719      8.7625    0.422597
           4     2.60359     6.73187    0.481104
           4     2.82999     4.78106    0.602443
           4     3.05639     2.73037    0.160426
           4     3.28278     2.61869    0.245808
           4     3.50918     1.29681    0.163018
           4     3.73558      1.2155    0.192099
           4     3.96198     1.07406    0.294197
           4     4.18838     0.70175   0.0480274
           4     4.41478     0.23825   0.0561195
           4     4.64118    0.018625   0.0102932
           4     4.86758    0.016625   0.0138264
           4     5.09398     0.01775   0.0095533
           4     5.32037    0.004875  0.00269476
           4     5.54677   0.0038125  0.00330172
           4     5.77317           0           0
           4     5.99957           0           0
           4     6.22597           0           0
           4     6.45237           0           0
           4     6.67877           0           0
           5    0.113199      0.1818   0.0623773
           5    0.339598      1.8039    0.120765
           5    0.565997     4.37075    0.433574
           5    0.792396     6.48935    0.430449
           5      1.0188     9.12595    0.339384
           5     1.24519      11.184    0.274517
           5     1.47159     10.9715    0.609338
           5     1.69799     12.7353    0.863177
           5     1.92439     10.5708    0.568386
           5     2.15079     10.7537    0.397753
           5     2.37719     8.61835    0.361829
           5     2.60359     6.25705    0.573151
           5     2.82999     4.55085    0.524097
           5     3.05639     2.91225    0.207206
           5     3.28278     2.54275    0.208046
           5     3.50918       1.407    0.163465
           5     3.73558     1.51935    0.312213
           5     3.96198      1.1209    0.239057
           5     4.18838      0.6213   0.0815721
           5     4.41478     0.20545    0.053631
           5     4.64118      0.0233  0.00923537
           5     4.86758      0.0133   0.0114539
           5     5.09398      0.0142  0.00827599
           5     5.32037      0.0039  0.00232551
           5     5.54677     0.00305    0.002728
           5     5.77317           0           0
           5     5.99957           0           0
           5     6.22597           0           0
           5     6.45237           0           0
           5     6.67877           0           0
           6    0.113199    0.206042   0.0564956
           6    0.339598     1.89421    0.130093
           6    0.565997     4.18408    0.399479
           6    0.792396     6.55475    0.363642
           6      1.0188     9.10858    0.283264
           6     1.24519     11.5516    0.406079
           6     1.47159      11.259    0.571579
           6     1.69799     12.6033    0.729337
           6     1.92439     10.3827    0.503829
           6     2.15079     10.7742    0.331992
           6     2.37719     8.41242    0.355327
           6     2.60359     6.06833    0.507745
           6     2.82999      4.6315     0.44291
           6     3.05639     3.02342    0.200284
           6     3.28278     2.46929    0.185888
           6     3.50918      1.4315    0.138045
           6     3.73558     1.41771    0.276228
           6     3.96198     1.02354     0.21814
           6     4.18838     0.69375    0.094842
           6     4.41478    0.248667   0.0596139
           6     4.64118   0.0328333   0.0116176
           6     4.86758   0.0110833  0.00975706
           6     5.09398   0.0118333  0.00722714
           6     5.32037     0.00325  0.00202673
           6     5.54677  0.00254167  0.00232021
           6     5.77317           0           0
           6     5.99957           0           0
           6     6.22597           0           0
           6     6.45237           0           0
           6     6.67877           0           0
           7    0.113199    0.206179   0.0484249
           7    0.339598      1.7715    0.159187
           7    0.565997     4.18879    0.342438
           7    0.792396     6.25929    0.414705
           7      1.0188     8.90782    0.305775
           7     1.24519     11.4577    0.358753
           7     1.47159     11.7691    0.680537
           7     1.69799     13.0459    0.747478
           7     1.92439     10.5951    0.474519
           7     2.15079     10.6093    0.322956
           7     2.37719     8.22218    0.351825
           7     2.60359       5.908    0.459828
           7     2.82999     4.72932     0.39029
           7     3.05639     3.12475    0.195635
           7     3.28278     2.55204    0.176792
           7     3.50918     1.40618    0.120624
           7     3.73558     1.37039    0.240785
           7     3.96198    0.925893    0.207686
           7     4.18838    0.661321     0.08666
           7     4.41478    0.233393   0.0530182
           7     4.64118   0.0313214   0.0100558
           7     4.86758      0.0095  0.00849069
           7     5.09398   0.0101429  0.00638934
           7     5.32037  0.00278571  0.00178959
           7     5.54677  0.00217857  0.00201697
           7     5.77317           0           0
           7     5.99957           0           0
           7     6.22597           0           0
           7     6.45237           0           0
           7     6.67877           0           0
           8    0.113199    0.189844   0.0450427
           8    0.339598     1.69766    0.155475
           8    0.565997     4.10734    0.309166
           8    0.792396     6.16178    0.374154
           8      1.0188     8.77753    0.294004
           8     1.24519     11.5777    0.333367
           8     1.47159     11.8707    0.602998
           8     1.69799     12.9079    0.666646
           8     1.92439     10.6393    0.417261
           8     2.15079     10.8364    0.353578
           8     2.37719     8.35031    0.330357
           8     2.60359      6.0235    0.416603
           8     2.82999      4.6175    0.357164
           8     3.05639     3.23084    0.197868
           8     3.28278     2.53069    0.155977
           8     3.50918     1.37628    0.109188
           8     3.73558     1.34606    0.211912
           8     3.96198    0.902469    0.183042
           8     4.18838    0.601438   0.0942743
           8     4.41478     0.20575   0.0531106
           8     4.64118   0.0274063  0.00953058
           8     4.86758   0.0083125  0.00751194
           8     5.09398    0.008875  0.00571508
           8     5.32037   0.0024375  0.00159941
           8     5.54677  0.00190625  0.00178313
           8     5.77317           0           0
           8     5.99957           0           0
           8     6.22597           0           0
           8     6.45237           0           0
           8     6.67877           0           0
           9    0.113199    0.188556   0.0400564
           9    0.339598     1.60017    0.165974
           9    0.565997     4.05278    0.279588
           9    0.792396     6.02572    0.356462
           9      1.0188      8.5485    0.339004
           9     1.24519     11.4609    0.316116
           9     1.47159     12.0585    0.564481
           9     1.69799      12.838    0.596228
           9     1.92439      10.904    0.447051
           9     2.15079     11.0091    0.353941
           9     2.37719     8.61306     0.38418
           9     2.60359     6.12781    0.383149
           9     2.82999     4.60947    0.317569
           9     3.05639      3.4095    0.243529
           9     3.28278     2.41039    0.179127
           9     3.50918     1.25211    0.152069
           9     3.73558     1.26547    0.203114
           9     3.96198    0.857139    0.168223
           9     4.18838    0.542417    0.100592
           9     4.41478    0.182889   0.0518969
           9     4.64118   0.0243611  0.00894489
           9     4.86758  0.00738889  0.00673382
           9     5.09398  0.00788889  0.00516444
           9     5.32037  0.00216667  0.00144444
           9     5.54677  0.00169444  0.00159754
           9     5.77317           0           0
           9     5.99957           0           0
           9     6.22597           0           0
           9     6.45237           0           0
           9     6.67877           0           0
          10    0.113199    0.196325   0.0367965
          10    0.339598     1.65855    0.159315
          10    0.565997     4.03497    0.252196
          10    0.792396      6.0676    0.323267
          10      1.0188     8.56172    0.305362
          10     1.24519     11.1542    0.406987
          10     1.47159     11.9075    0.527843
          10     1.69799     12.7495    0.543138
          10     1.92439     11.1263    0.454254
          10     2.15079     11.1207     0.33567
          10     2.37719     8.85572    0.415392
          10     2.60359     6.18125    0.348541
          10     2.82999     4.54525    0.292234
          10     3.05639      3.3594     0.22427
          10     3.28278     2.36928    0.165866
          10     3.50918     1.29555    0.142932
          10     3.73558      1.2901    0.184289
          10     3.96198    0.807625     0.15852
          10     4.18838    0.494875    0.101145
          10     4.41478      0.1794   0.0468243
          10     4.64118    0.027075  0.00845207
          10     4.86758     0.00665  0.00610084
          10     5.09398      0.0071  0.00470787
          10     5.32037     0.00195  0.00131615
          10     5.54677    0.001525  0.00144674
          10     5.77317           0           0
          10     5.99957           0           0
          10     6.22597           0           0
          10     6.45237           0           0
          10     6.67877           0           0
          11    0.113199     0.19125   0.0337995
          11    0.339598       1.637    0.146282
          11    0.565997     4.10068    0.237674
          11    0.792396     6.21982    0.327763
          11      1.0188     8.46825    0.291557
          11     1.24519     10.8661    0.460801
          11     1.47159       11.79    0.492766
          11     1.69799     12.8724    0.507478
          11     1.92439     11.3287    0.455845
          11     2.15079     11.1723    0.309109
          11     2.37719     8.82625    0.378674
          11     2.60359     6.26395    0.326521
          11     2.82999      4.5232    0.266497
          11     3.05639     3.38707    0.205581
          11     3.28278     2.30059    0.164394
          11     3.50918     1.33336    0.134847
          11     3.73558     1.25445    0.170948
          11     3.96198    0.806659    0.144112
          11     4.18838    0.454568   0.0996584
          11     4.41478    0.163091   0.0453189
          11     4.64118   0.0246136  0.00803411
          11     4.86758  0.00604545  0.00557609
          11     5.09398  0.00645455   0.0043239
          11     5.32037  0.00177273  0.00120838
          11     5.54677  0.00138636  0.00132185
          11     5.77317           0           0
          11     5.99957           0           0
          11     6.22597           0           0
          11     6.45237           0           0
          11     6.67877           0           0
          12    0.113199    0.177771   0.0335632
          12    0.339598     1.61025    0.136516
          12    0.565997      3.9776    0.247694
          12    0.792396     6.07379    0.331386
          12      1.0188     8.22771    0.352799
          12     1.24519     10.9109     0.42458
          12     1.47159     11.8554    0.456032
          12     1.69799     13.0405    0.492233
          12     1.92439     11.4737    0.440297
          12     2.15079     11.4175    0.367942
          12     2.37719      9.0039    0.386547
          12     2.60359     6.14662    0.319697
          12     2.82999     4.52927    0.244358
          12     3.05639     3.37873    0.188619
          12     3.28278     2.33169    0.153607
          12     3.50918     1.28202    0.133026
          12     3.73558       1.172    0.175465
          12     3.96198    0.750812    0.142514
          12     4.18838    0.433417   0.0935712
          12     4.41478    0.163375   0.0415432
          12     4.64118   0.0239375  0.00739299
          12     4.86758     0.01025  0.00650627
          12     5.09398  0.00591667  0.00399689
          12     5.32037    0.001625  0.00111667
          12     5.54677  0.00127083  0.00121673
          12     5.77317           0           0
          12     5.99957           0           0
          12     6.22597           0           0
          12     6.45237           0           0
          12     6.67877           0           0
          13    0.113199    0.167712   0.0324539
          13    0.339598     1.51608    0.155132
          13    0.565997     3.89013    0.243596
          13    0.792396     6.02348     0.30969
          13      1.0188     8.34085    0.343322
          13     1.24519     10.9026    0.392002
          13     1.47159      11.804    0.423842
          13     1.69799      13.072     0.45538
          13     1.92439     11.6459    0.438817
          13     2.15079      11.459    0.341972
          13     2.37719     9.06944    0.362328
          13     2.60359     6.10562    0.297723
          13     2.82999      4.5486    0.226324
          13     3.05639     3.41171     0.17697
          13     3.28278     2.31398    0.142808
          13     3.50918     1.30579    0.124898
          13     3.73558     1.10835    0.173129
          13     3.96198       0.707    0.138121
          13     4.18838    0.401404   0.0916862
          13     4.41478    0.163365   0.0383476
          13     4.64118   0.0253846  0.00696449
          13     4.86758  0.00946154  0.00605338
          13     5.09398  0.00546154  0.00371526
          13     5.32037      0.0015  0.00103775
          13     5.54677  0.00117308  0.00112706
          13     5.77317           0           0
          13     5.99957           0           0
          13     6.22597           0           0
          13     6.45237           0           0
          13     6.67877           0           0
          14    0.113199    0.158018   0.0315502
          14    0.339598     1.50068    0.144814
          14    0.565997     3.85973    0.228085
          14    0.792396     5.98884    0.289501
          14      1.0188     8.30713    0.320451
          14     1.24519     10.8667    0.365641
          14     1.47159     11.8248    0.394076
          14     1.69799     13.1336    0.426987
          14     1.92439     11.6089    0.409026
          14     2.15079     11.5026    0.320311
          14     2.37719     9.03089    0.338492
          14     2.60359      6.2395    0.305079
          14     2.82999     4.70796    0.260289
          14     3.05639      3.3988    0.164799
          14     3.28278     2.31821     0.13267
          14     3.50918     1.27675    0.119305
          14     3.73558     1.05141    0.169867
          14     3.96198    0.661179    0.135643
          14     4.18838    0.372732    0.089508
          14     4.41478    0.151696   0.0373417
          14     4.64118   0.0235714   0.0066989
          14     4.86758  0.00878571  0.00565859
          14     5.09398  0.00507143   0.0034703
          14     5.32037  0.00139286 0.000969139
          14     5.54677  0.00108929  0.00104966
          14     5.77317           0           0
          14     5.99957           0           0
          14     6.22597           0           0
          14     6.45237           0           0
          14     6.67877           0           0
          15    0.113199    0.181717   0.0373003
          15    0.339598     1.50758    0.135324
          15    0.565997     3.83175    0.214589
          15    0.792396     6.13637    0.305486
          15      1.0188     8.32113    0.299394
          15     1.24519     10.8904    0.342033
          15     1.47159     11.8626    0.369617
          15     1.69799     13.0953    0.400233
          15     1.92439     11.4378    0.416019
          15     2.15079     11.3117    0.351287
          15     2.37719      9.0849    0.320205
          15     2.60359     6.26648    0.285932
          15     2.82999     4.72912    0.243795
          15     3.05639      3.4869    0.175789
          15     3.28278     2.31607    0.123843
          15     3.50918     1.29727    0.113102
          15     3.73558      1.0569    0.158631
          15     3.96198    0.652483    0.126879
          15     4.18838      0.3544   0.0853975
          15     4.41478      0.1419   0.0361144
          15     4.64118       0.022  0.00643398
          15     4.86758      0.0082  0.00531158
          15     5.09398  0.00473333  0.00325538
          15     5.32037      0.0013 0.000908968
          15     5.54677  0.00101667 0.000982193
          15     5.77317           0           0
          15     5.99957           0           0
          15     6.22597           0           0
          15     6.45237           0           0
          15     6.67877           0           0
          16    0.113199    0.177813   0.0351727
          16    0.339598      1.4907    0.127915
          16    0.565997     3.85172    0.202104
          16    0.792396     6.21039    0.295226
          16      1.0188     8.49495    0.327272
          16     1.24519     10.8662    0.321512
          16     1.47159     11.8693    0.346575
          16     1.69799     12.9078    0.416818
          16     1.92439      11.462    0.390718
          16     2.15079     11.2141    0.342602
          16     2.37719     9.05786    0.301332
          16     2.60359     6.40647    0.300379
          16     2.82999     4.74469    0.229054
          16     3.05639     3.42367    0.175806
          16     3.28278     2.26578    0.125899
          16     3.50918     1.31102    0.106865
          16     3.73558     1.11225    0.158078
          16     3.96198    0.626156     0.12165
          16     4.18838    0.336172   0.0819825
          16     4.41478    0.133953   0.0347206
          16     4.64118   0.0208906  0.00612675
          16     4.86758  0.00834375  0.00498155
          16     5.09398  0.00567187  0.00318434
          16     5.32037  0.00121875 0.000855781
          16     5.54677 0.000953125 0.000922859
          16     5.77317           0           0
          16     5.99957           0           0
          16     6.22597           0           0
          16     6.45237           0           0
          16     6.67877           0           0
          17    0.113199    0.175765   0.0331633
          17    0.339598     1.47656     0.12117
          17    0.565997      3.8325    0.191127
          17    0.792396     6.22785    0.278375
          17      1.0188      8.5015    0.308087
          17     1.24519     10.7908    0.311314
          17     1.47159     12.0331    0.362854
          17     1.69799     12.8742    0.393653
          17     1.92439     11.4208    0.369899
          17     2.15079     11.1155    0.336357
          17     2.37719      9.1281    0.291679
          17     2.60359     6.54956    0.314953
          17     2.82999     4.66985    0.227477
          17     3.05639     3.39218    0.168262
          17     3.28278     2.21293    0.129112
          17     3.50918     1.35851    0.110633
          17     3.73558     1.13634    0.150604
          17     3.96198    0.617294    0.114816
          17     4.18838      0.3235   0.0781332
          17     4.41478    0.128368   0.0331244
          17     4.64118   0.0196618   0.0058883
          17     4.86758  0.00785294  0.00471264
          17     5.09398  0.00533824  0.00301445
          17     5.32037  0.00114706 0.000808438
          17     5.54677 0.000897059 0.000870275
          17     5.77317           0           0
          17     5.99957           0           0
          17     6.22597           0           0
          17     6.45237           0           0
          17     6.67877           0           0
          18    0.113199    0.174139   0.0313607
          18    0.339598     1.49207    0.115427
          18    0.565997     3.77415    0.189206
          18    0.792396     6.21301    0.263305
          18      1.0188       8.502    0.290971
          18     1.24519     10.7987    0.294119
          18     1.47159     12.1184    0.352576
          18     1.69799     12.8921     0.37219
          18     1.92439     11.3825    0.351318
          18     2.15079     11.0523    0.323542
          18     2.37719     9.17289    0.278892
          18     2.60359     6.53431    0.297825
          18     2.82999     4.69781     0.21655
          18     3.05639     3.41217    0.160097
          18     3.28278     2.20694    0.122077
          18     3.50918     1.37235    0.105348
          18     3.73558     1.11724    0.143443
          18     3.96198    0.620417     0.10848
          18     4.18838    0.310931   0.0747966
          18     4.41478    0.122583   0.0317852
          18     4.64118   0.0185694  0.00566159
          18     4.86758  0.00741667  0.00447097
          18     5.09398  0.00504167  0.00286153
          18     5.32037  0.00108333 0.000766032
          18     5.54677 0.000847222 0.000823352
          18     5.77317           0           0
          18     5.99957           0           0
          18     6.22597           0           0
          18     6.45237           0           0
          18     6.67877           0           0
          19    0.113199    0.178618   0.0300284
          19    0.339598     1.50903     0.11059
          19    0.565997     3.74226    0.181915
          19    0.792396     6.16591    0.253626
          19      1.0188     8.42176    0.286506
          19     1.24519     10.7539    0.282027
          19     1.47159     12.0125    0.349543
          19     1.69799     12.8915    0.352602
          19     1.92439     11.4994    0.351721
          19     2.15079       11.12    0.313515
          19     2.37719     9.20457    0.266006
          19     2.60359     6.62922     0.29689
          19     2.82999     4.74839    0.210979
          19     3.05639     3.43588    0.153417
          19     3.28278     2.18114    0.118347
          19     3.50918     1.37891    0.100007
          19     3.73558      1.0873    0.138982
          19     3.96198    0.597382    0.105188
          19     4.18838    0.294855   0.0725669
          19     4.41478    0.116132   0.0307601
          19     4.64118   0.0175921  0.00544731
          19     4.86758  0.00702632  0.00425266
          19     5.09398  0.00477632   0.0027232
          19     5.32037  0.00102632 0.000727834
          19     5.54677 0.000802632 0.000781224
          19     5.77317           0           0
          19     5.99957           0           0
          19     6.22597           0           0
          19     6.45237           0           0
          19     6.67877           0           0
          20    0.113199    0.173937   0.0288895
          20    0.339598     1.49995    0.105432
          20    0.565997     3.66357    0.189074
          20    0.792396     6.15053    0.241411
          20      1.0188     8.36859    0.277072
          20     1.24519     10.7261    0.269301
          20     1.47159     11.8908    0.352641
          20     1.69799     12.9188    0.336025
          20     1.92439     11.6889    0.381807
          20     2.15079     11.1762    0.302837
          20     2.37719     9.23826    0.254831
          20     2.60359     6.56264    0.289416
          20     2.82999     4.82803    0.214933
          20     3.05639     3.48928    0.154759
          20     3.28278      2.1386    0.119833
          20     3.50918     1.39672   0.0965807
          20     3.73558      1.0767    0.132436
          20     3.96198    0.588337    0.100316
          20     4.18838    0.283375   0.0698407
          20     4.41478     0.11105   0.0296389
          20     4.64118   0.0167125  0.00524548
          20     4.86758    0.006675  0.00405452
          20     5.09398   0.0045375  0.00259749
          20     5.32037    0.000975 0.000693249
          20     5.54677   0.0007625 0.000743193
          20     5.77317           0           0
          20     5.99957           0           0
          20     6.22597           0           0
          20     6.45237           0           0
          20     6.67877           0           0
          21    0.113199    0.204369   0.0404844
          21    0.339598        1.51     0.10089
          21    0.565997     3.70117    0.183769
          21    0.792396     6.19886    0.234703
          21      1.0188     8.41682    0.268043
          21     1.24519      10.727    0.256478
          21     1.47159     11.8602    0.337169
          21     1.69799     12.8591    0.325278
          21     1.92439     11.6199    0.369809
          21     2.15079     11.1199      0.2936
          21     2.37719     9.16317     0.25352
          21     2.60359     6.52877    0.277609
          21     2.82999     4.84579     0.20543
          21     3.05639     3.49123    0.147402
          21     3.28278     2.14238    0.114186
          21     3.50918     1.43557   0.0994877
          21     3.73558     1.13373    0.137862
          21     3.96198    0.600667   0.0962941
          21     4.18838    0.296095   0.0676634
          21     4.41478    0.115976    0.028634
          21     4.64118    0.016869  0.00499803
          21     4.86758  0.00635714  0.00387388
          21     5.09398  0.00432143  0.00248277
          21     5.32037 0.000928571  0.00066179
          21     5.54677  0.00072619 0.000708689
          21     5.77317           0           0
          21     5.99957           0           0
          21     6.22597           0           0
          21     6.45237           0           0
          21     6.67877           0           0
          22    0.113199    0.222148   0.0423685
          22    0.339598     1.49372    0.097609
          22    0.565997     3.74147     0.17978
          22    0.792396     6.20101    0.224045
          22      1.0188      8.4385    0.256735
          22     1.24519     10.7222    0.244865
          22     1.47159      11.891     0.32324
          22     1.69799     12.7831    0.319244
          22     1.92439        11.7    0.361562
          22     2.15079     11.0218    0.296208
          22     2.37719     9.09535    0.250902
          22     2.60359     6.56052    0.266799
          22     2.82999     4.89816    0.202659
          22     3.05639     3.44784    0.146948
          22     3.28278     2.14937     0.10921
          22     3.50918     1.40711    0.098952
          22     3.73558     1.13681     0.13163
          22     3.96198    0.599182   0.0919286
          22     4.18838    0.323636   0.0699687
          22     4.41478    0.124909    0.028692
          22     4.64118   0.0175568  0.00481794
          22     4.86758   0.0179773     0.01194
          22     5.09398  0.00504545  0.00247324
          22     5.32037 0.000886364 0.000633053
          22     5.54677 0.000693182 0.000677244
          22     5.77317           0           0
          22     5.99957           0           0
          22     6.22597           0           0
          22     6.45237           0           0
          22     6.67877           0           0
          23    0.113199    0.219511   0.0406084
          23    0.339598     1.50411   0.0939167
          23    0.565997     3.77852    0.175741
          23    0.792396     6.19855    0.214317
          23      1.0188     8.45896    0.246386
          23     1.24519      10.771    0.239024
          23     1.47159     11.9583    0.316125
          23     1.69799     12.7088    0.313908
          23     1.92439     11.6651    0.347519
          23     2.15079     10.8575    0.325738
          23     2.37719     9.10891     0.24036
          23     2.60359     6.55515    0.255253
          23     2.82999     4.95508    0.201682
          23     3.05639     3.42821    0.141865
          23     3.28278     2.15882    0.104869
          23     3.50918     1.39063   0.0960128
          23     3.73558     1.13714    0.125907
          23     3.96198    0.630293   0.0930475
          23     4.18838     0.34175   0.0692316
          23     4.41478    0.131174   0.0281202
          23     4.64118   0.0190217  0.00482604
          23     4.86758   0.0171957   0.0114464
          23     5.09398  0.00482609  0.00237541
          23     5.32037 0.000847826 0.000606701
          23     5.54677 0.000663043 0.000648469
          23     5.77317           0           0
          23     5.99957           0           0
          23     6.22597           0           0
          23     6.45237           0           0
          23     6.67877           0           0
          24    0.113199    0.225927     0.03942
          24    0.339598     1.56913    0.110234
          24    0.565997      3.8667    0.189251
          24    0.792396     6.20391    0.205454
          24      1.0188     8.45875     0.23612
          24     1.24519     10.7843    0.229433
          24     1.47159      12.027    0.310323
          24     1.69799     12.5791    0.326529
          24     1.92439     11.5791    0.343524
          24     2.15079     10.8153    0.314884
          24     2.37719     9.05797    0.235682
          24     2.60359     6.57599    0.245467
          24     2.82999     4.97872    0.194659
          24     3.05639     3.40931    0.137206
          24     3.28278     2.13003    0.104375
          24     3.50918     1.37415   0.0934166
          24     3.73558      1.1792    0.127492
          24     3.96198    0.656208   0.0927091
          24     4.18838    0.347948   0.0666238
          24     4.41478    0.137385    0.027626
          24     4.64118   0.0211563  0.00507508
          24     4.86758   0.0167813    0.010977
          24     5.09398    0.004625  0.00228493
          24     5.32037   0.0008125 0.000582449
          24     5.54677 0.000635417 0.000622038
          24     5.77317           0           0
          24     5.99957           0           0
          24     6.22597           0           0
          24     6.45237           0           0
          24     6.67877           0           0
          25    0.113199      0.2278   0.0378877
          25    0.339598     1.57565    0.106018
          25    0.565997     3.85144    0.182295
          25    0.792396     6.24219    0.200771
          25      1.0188     8.56934    0.251242
          25     1.24519     10.8378    0.226405
          25     1.47159     12.0325    0.297959
          25     1.69799      12.448    0.338763
          25     1.92439     11.5973    0.330265
          25     2.15079     10.7727    0.305161
          25     2.37719      8.9686    0.242607
          25     2.60359     6.57333    0.235663
          25     2.82999     4.98121    0.186889
          25     3.05639      3.4647    0.142459
          25     3.28278      2.1345    0.100296
          25     3.50918     1.36723   0.0899356
          25     3.73558     1.15461     0.12474
          25     3.96198     0.66171   0.0891638
          25     4.18838     0.35257    0.064119
          25     4.41478     0.13387   0.0267437
          25     4.64118      0.0282   0.0084479
          25     4.86758     0.01873   0.0107095
          25     5.09398     0.00474  0.00219643
          25     5.32037     0.00078 0.000560057
          25     5.54677     0.00061 0.000597675
          25     5.77317           0           0
          25     5.99957           0           0
          25     6.22597           0           0
          25     6.45237           0           0
          25     6.67877           0           0
          26    0.113199    0.228337   0.0364342
          26    0.339598     1.58738    0.102588
          26    0.565997     3.87511    0.176813
          26    0.792396     6.25553    0.193492
          26      1.0188     8.61815    0.246275
          26     1.24519     10.8443    0.217791
          26     1.47159     12.0666    0.288441
          26     1.69799     12.3533    0.338699
          26     1.92439     11.5082    0.329347
          26     2.15079     10.6935    0.303517
          26     2.37719     8.94647    0.234283
          26     2.60359     6.64662    0.237721
          26     2.82999     4.99689    0.180358
          26     3.05639     3.48742     0.13878
          26     3.28278     2.21391    0.123953
          26     3.50918     1.34122    0.090159
          26     3.73558     1.15364    0.119947
          26     3.96198    0.652269   0.0862328
          26     4.18838     0.34674   0.0619173
          26     4.41478    0.131452   0.0258242
          26     4.64118   0.0286731  0.00813622
          26     4.86758   0.0183365   0.0103048
          26     5.09398  0.00455769   0.0021195
          26     5.32037     0.00075 0.000539319
          26     5.54677 0.000586538 0.000575148
          26     5.77317           0           0
          26     5.99957           0           0
          26     6.22597           0           0
          26     6.45237           0           0
          26     6.67877           0           0
          27    0.113199    0.226213   0.0351467
          27    0.339598     1.58863   0.0987957
          27    0.565997     3.89714    0.171632
          27    0.792396     6.32085    0.197044
          27      1.0188       8.624    0.237223
          27     1.24519     10.9174    0.221668
          27     1.47159     12.0688    0.277766
          27     1.69799     12.3374    0.326527
          27     1.92439     11.4638    0.320132
          27     2.15079      10.643    0.296449
          27     2.37719     8.84255    0.247585
          27     2.60359     6.61725    0.230723
          27     2.82999     4.95143    0.179318
          27     3.05639     3.53043    0.140145
          27     3.28278     2.27102    0.131862
          27     3.50918     1.36969   0.0912023
          27     3.73558     1.15046    0.115546
          27     3.96198    0.645463   0.0833072
          27     4.18838    0.339463   0.0600502
          27     4.41478    0.128722   0.0250116
          27     4.64118   0.0287315  0.00783508
          27     4.86758   0.0313611    0.016181
          27     5.09398  0.00488889  0.00206672
          27     5.32037 0.000722222 0.000520059
          27     5.54677 0.000564815 0.000554257
          27     5.77317           0           0
          27     5.99957           0           0
          27     6.22597           0           0
          27     6.45237           0           0
          27     6.67877           0           0
          28    0.113199    0.229554   0.0340498
          28    0.339598     1.61235   0.0980731
          28    0.565997     3.94231    0.171344
          28    0.792396     6.37052    0.196166
          28      1.0188     8.65188    0.230383
          28     1.24519     10.8768    0.217455
          28     1.47159     11.9877    0.279435
          28     1.69799     12.2655    0.322696
          28     1.92439     11.4693    0.308747
          28     2.15079     10.5958     0.28959
          28     2.37719     8.87755    0.241205
          28     2.60359     6.65841    0.226124
          28     2.82999     5.01005    0.182246
          28     3.05639     3.52861    0.135151
          28     3.28278     2.25023     0.12878
          28     3.50918      1.3559   0.0889805
          28     3.73558     1.12979    0.113255
          28     3.96198    0.633768   0.0811487
          28     4.18838    0.335902    0.058011
          28     4.41478    0.139536   0.0263524
          28     4.64118   0.0363839    0.010656
          28     4.86758   0.0354911   0.0161216
          28     5.09398  0.00549107  0.00207878
          28     5.32037 0.000696429 0.000502125
          28     5.54677 0.000544643 0.000534829
          28     5.77317           0           0
          28     5.99957           0           0
          28     6.22597           0           0
          28     6.45237           0           0
          28     6.67877           0           0
          29    0.113199    0.237707   0.0338378
          29    0.339598     1.61056   0.0947076
          29    0.565997     3.96272    0.166646
          29    0.792396     6.42494    0.196806
          29      1.0188     8.66889    0.223066
          29     1.24519     10.8261     0.21577
          29     1.47159     11.8592    0.297882
          29     1.69799     12.2508    0.311903
          29     1.92439     11.4614    0.298203
          29     2.15079     10.6248    0.281055
          29     2.37719     8.89722    0.233688
          29     2.60359     6.66468    0.218414
          29     2.82999     5.07481    0.187113
          29     3.05639     3.53625    0.130707
          29     3.28278     2.27092    0.125991
          29     3.50918     1.35037    0.086084
          29     3.73558     1.10534    0.111955
          29     3.96198    0.615647   0.0803483
          29     4.18838    0.346147   0.0569081
          29     4.41478    0.135638   0.0257303
          29     4.64118   0.0351293   0.0103622
          29     4.86758   0.0342672    0.015612
          29     5.09398  0.00530172  0.00201571
          29     5.32037 0.000672414 0.000485384
          29     5.54677 0.000525862 0.000516716
          29     5.77317           0           0
          29     5.99957           0           0
          29     6.22597           0           0
          29     6.45237           0           0
          29     6.67877           0           0
          30    0.113199    0.237108   0.0327151
          30    0.339598     1.62698   0.0929637
          30    0.565997      3.9289    0.164486
          30    0.792396     6.44897    0.191707
          30      1.0188     8.64605    0.216796
          30     1.24519     10.8145    0.208892
          30     1.47159     11.8101     0.29197
          30     1.69799     12.2789    0.302777
          30     1.92439     11.4962    0.290295
          30     2.15079      10.688    0.278694
          30     2.37719     8.93275    0.228584
          30     2.60359     6.62622    0.214494
          30     2.82999     5.07833    0.180909
          30     3.05639     3.50846    0.129271
          30     3.28278     2.27799    0.121989
          30     3.50918     1.35746   0.0835058
          30     3.73558     1.08728    0.109672
          30     3.96198    0.608725   0.0779676
          30     4.18838    0.340817   0.0552602
          30     4.41478    0.132858   0.0250223
          30     4.64118   0.0339583   0.0100827
          30     4.86758    0.033125   0.0151334
          30     5.09398    0.005125  0.00195625
          30     5.32037     0.00065 0.000469722
          30     5.54677 0.000508333 0.000499789
          30     5.77317           0           0
          30     5.99957           0           0
          30     6.22597           0           0
          30     6.45237           0           0
          30     6.67877           0           0
          31    0.113199    0.230992   0.0322265
          31    0.339598     1.63026   0.0900225
          31    0.565997     3.94723    0.160198
          31    0.792396     6.45401    0.185589
          31      1.0188     8.62707    0.210632
          31     1.24519      10.809    0.202225
          31     1.47159     11.7518     0.28831
          31     1.69799     12.4138     0.32165
          31     1.92439     11.4496    0.284654
          31     2.15079     10.6425    0.273397
          31     2.37719     8.93073    0.221219
          31     2.60359     6.60209    0.208927
          31     2.82999     5.12047    0.179913
          31     3.05639     3.50649    0.125116
          31     3.28278      2.2869    0.118379
          31     3.50918     1.36403   0.0810704
          31     3.73558     1.07819     0.10651
          31     3.96198    0.614726   0.0756831
          31     4.18838    0.338806   0.0535141
          31     4.41478    0.130306    0.024345
          31     4.64118   0.0328629  0.00981677
          31     4.86758   0.0320565   0.0146829
          31     5.09398  0.00495968  0.00190012
          31     5.32037 0.000629032 0.000455038
          31     5.54677 0.000491935 0.000483936
          31     5.77317           0           0
          31     5.99957           0           0
          31     6.22597           0           0
          31     6.45237           0           0
          31     6.67877           0           0
          32    0.113199    0.230313   0.0312266
          32    0.339598     1.64003   0.0877382
          32    0.565997     3.91987    0.157511
          32    0.792396     6.46353    0.180033
          32      1.0188     8.68309    0.211368
          32     1.24519     10.8636    0.203135
          32     1.47159     11.7365    0.279708
          32     1.69799     12.3822     0.31315
          32     1.92439     11.4267     0.27668
          32     2.15079     10.5856    0.270704
          32     2.37719     8.98128    0.220005
          32     2.60359     6.57158    0.204614
          32     2.82999     5.08161    0.178438
          32     3.05639     3.51425    0.121446
          32     3.28278     2.29979    0.115379
          32     3.50918     1.37505   0.0792827
          32     3.73558     1.08778    0.103612
          32     3.96198    0.604078   0.0740632
          32     4.18838    0.349281   0.0528571
          32     4.41478    0.131508   0.0236138
          32     4.64118   0.0332109  0.00951616
          32     4.86758   0.0325391    0.014232
          32     5.09398  0.00508594  0.00184493
          32     5.32037 0.000976562 0.000557963
          32     5.54677    0.000625 0.000486763
          32     5.77317           0           0
          32     5.99957           0           0
          32     6.22597           0           0
          32     6.45237           0           0
          32     6.67877           0           0
          33    0.113199    0.234379   0.0305439
          33    0.339598     1.63541   0.0852012
          33    0.565997     3.91339    0.152872
          33    0.792396     6.45796    0.174664
          33      1.0188     8.75657    0.217359
          33     1.24519     10.8728    0.197189
          33     1.47159     11.7148    0.272072
          33     1.69799     12.4311    0.307457
          33     1.92439     11.4088    0.268872
          33     2.15079     10.5173    0.270991
          33     2.37719     8.95078    0.215442
          33     2.60359     6.57854    0.198532
          33     2.82999      5.0657    0.173739
          33     3.05639     3.50968    0.117852
          33     3.28278     2.29067    0.112243
          33     3.50918     1.38053   0.0770691
          33     3.73558     1.09665    0.100851
          33     3.96198    0.621659    0.073876
          33     4.18838    0.361121   0.0525647
          33     4.41478    0.131667   0.0228988
          33     4.64118   0.0325227  0.00925265
          33     4.86758    0.031553   0.0138348
          33     5.09398  0.00493182  0.00179545
          33     5.32037  0.00094697  0.00054184
          33     5.54677 0.000606061 0.000472381
          33     5.77317           0           0
          33     5.99957           0           0
          33     6.22597           0           0
          33     6.45237           0           0
          33     6.67877           0           0
          34    0.113199    0.228809   0.0301492
          34    0.339598     1.62157   0.0838111
          34    0.565997     3.95562    0.154098
          34    0.792396     6.47636    0.170493
          34      1.0188     8.75324    0.210991
          34     1.24519     10.7926    0.207065
          34     1.47159     11.7112    0.264093
          34     1.69799     12.4549    0.299335
          34     1.92439      11.413    0.260997
          34     2.15079     10.5319    0.263415
          34     2.37719     8.95019    0.209107
          34     2.60359     6.56516    0.193143
          34     2.82999      5.0544    0.168995
          34     3.05639     3.53322    0.116713
          34     3.28278     2.31225    0.110997
          34     3.50918     1.39279   0.0757718
          34     3.73558     1.08565   0.0984826
          34     3.96198    0.612257    0.072299
          34     4.18838    0.352684   0.0516914
          34     4.41478    0.131801   0.0222257
          34     4.64118   0.0334926   0.0090312
          34     4.86758    0.030625    0.013459
          34     5.09398  0.00478676  0.00174849
          34     5.32037 0.000919118 0.000526619
          34     5.54677 0.000588235 0.000458824
          34     5.77317           0           0
          34     5.99957           0           0
          34     6.22597           0           0
          34     6.45237           0           0
          34     6.67877           0           0
          35    0.113199    0.228257   0.0292928
          35    0.339598     1.59895   0.0844147
          35    0.565997     3.91223    0.155684
          35    0.792396     6.50162    0.167483
          35      1.0188     8.75006    0.204987
          35     1.24519     10.8138    0.202239
          35     1.47159     11.7152    0.256578
          35     1.69799     12.4556    0.290783
          35     1.92439     11.4628    0.258252
          35     2.15079     10.4728    0.262422
          35     2.37719     8.91641    0.205842
          35     2.60359     6.60126    0.190967
          35     2.82999     5.12634    0.178824
          35     3.05639     3.54149     0.11367
          35     3.28278     2.28834    0.110372
          35     3.50918     1.39049   0.0736418
          35     3.73558     1.07266   0.0965218
          35     3.96198    0.598464   0.0715369
          35     4.18838    0.347221   0.0505023
          35     4.41478    0.137143   0.0222232
          35     4.64118   0.0329214  0.00879122
          35     4.86758     0.02975   0.0131029
          35     5.09398     0.00465  0.00170387
          35     5.32037 0.000892857 0.000512227
          35     5.54677 0.000571429 0.000446022
          35     5.77317           0           0
          35     5.99957           0           0
          35     6.22597           0           0
          35     6.45237           0           0
          35     6.67877           0           0
          36    0.113199    0.225063   0.0286528
          36    0.339598     1.58074   0.0840119
          36    0.565997     3.87697    0.155302
          36    0.792396     6.49175    0.163121
          36      1.0188     8.74713    0.199314
          36     1.24519     10.8381    0.198075
          36     1.47159     11.7164    0.249454
          36     1.69799     12.4868    0.284381
          36     1.92439     11.4973     0.25337
          36     2.15079     10.4653    0.255241
          36     2.37719      8.9094    0.200243
          36     2.60359     6.63889    0.189334
          36     2.82999      5.1234    0.173881
          36     3.05639     3.54009    0.110521
          36     3.28278      2.2897    0.107314
          36     3.50918     1.38267   0.0720101
          36     3.73558     1.05448   0.0955383
          36     3.96198    0.591306   0.0699071
          36     4.18838     0.34259   0.0493113
          36     4.41478    0.135063   0.0217031
          36     4.64118   0.0320069  0.00859445
          36     4.86758   0.0289236   0.0127649
          36     5.09398  0.00452083  0.00166143
          36     5.32037 0.000868056 0.000498598
          36     5.54677 0.000555556 0.000433915
          36     5.77317           0           0
          36     5.99957           0           0
          36     6.22597           0           0
          36     6.45237           0           0
          36     6.67877           0           0
          37    0.113199    0.222561   0.0279874
          37    0.339598     1.56473   0.0832521
          37    0.565997     3.87146    0.151202
          37    0.792396     6.49249    0.158714
          37      1.0188     8.73011    0.194652
          37     1.24519     10.8753    0.196171
          37     1.47159     11.7193    0.242729
          37     1.69799     12.5147    0.278057
          37     1.92439     11.5443    0.250838
          37     2.15079     10.4609    0.248381
          37     2.37719     8.88733    0.196044
          37     2.60359     6.62545    0.184693
          37     2.82999     5.10128    0.170583
          37     3.05639     3.54011    0.107534
          37     3.28278      2.2888    0.104418
          37     3.50918      1.3763   0.0703457
          37     3.73558     1.04446   0.0934801
          37     3.96198    0.602169   0.0688566
          37     4.18838    0.338716   0.0481305
          37     4.41478    0.134554   0.0211224
          37     4.64118   0.0311419  0.00840559
          37     4.86758   0.0281419   0.0124438
          37     5.09398  0.00439865  0.00162102
          37     5.32037 0.000844595 0.000485674
          37     5.54677 0.000540541 0.000422447
          37     5.77317           0           0
          37     5.99957           0           0
          37     6.22597           0           0
          37     6.45237           0           0
          37     6.67877           0           0
          38    0.113199    0.217572   0.0276919
          38    0.339598     1.57824   0.0821497
          38    0.565997     3.89506    0.149054
          38    0.792396     6.49783    0.154627
          38      1.0188     8.71926    0.189832
          38     1.24519     10.8412    0.193949
          38     1.47159     11.7216    0.236352
          38     1.69799     12.5357    0.271529
          38     1.92439     11.5521     0.24436
          38     2.15079     10.4469    0.242239
          38     2.37719     8.89126    0.190924
          38     2.60359     6.58645    0.183906
          38     2.82999     5.08707    0.166685
          38     3.05639     3.55001     0.10516
          38     3.28278     2.34261    0.114696
          38     3.50918     1.37573   0.0684967
          38     3.73558     1.02435   0.0931583
          38     3.96198    0.602388   0.0670449
          38     4.18838    0.337204   0.0468877
          38     4.41478    0.134217   0.0205693
          38     4.64118   0.0303224  0.00822424
          38     4.86758   0.0274013   0.0121384
          38     5.09398  0.00428289  0.00158248
          38     5.32037 0.000822368 0.000473402
          38     5.54677 0.000526316  0.00041157
          38     5.77317           0           0
          38     5.99957           0           0
          38     6.22597           0           0
          38     6.45237           0           0
          38     6.67877           0           0
          39    0.113199    0.213045   0.0273494
          39    0.339598     1.58594   0.0804033
          39    0.565997     3.89969    0.145304
          39    0.792396     6.49033    0.150844
          39      1.0188     8.68952    0.187279
          39     1.24519     10.8368    0.189024
          39     1.47159     11.7449     0.23144
          39     1.69799     12.4906    0.268275
          39     1.92439     11.5696    0.238719
          39     2.15079     10.4797    0.238249
          39     2.37719     8.90349     0.18642
          39     2.60359      6.6129    0.181082
          39     2.82999     5.09553    0.162626
          39     3.05639     3.54156    0.102803
          39     3.28278     2.34069    0.111771
          39     3.50918     1.36449   0.0676568
          39     3.73558     1.00671   0.0924253
          39     3.96198    0.608237   0.0655804
          39     4.18838    0.332833   0.0458887
          39     4.41478    0.131577   0.0202106
          39     4.64118   0.0295449  0.00805003
          39     4.86758   0.0266987   0.0118475
          39     5.09398  0.00417308  0.00154571
          39     5.32037 0.000801282 0.000461732
          39     5.54677 0.000512821 0.000401238
          39     5.77317           0           0
          39     5.99957           0           0
          39     6.22597           0           0
          39     6.45237           0           0
          39     6.67877           0           0
          40    0.113199    0.209238   0.0269294
          40    0.339598     1.60474   0.0805615
          40    0.565997     3.89558    0.141729
          40    0.792396     6.48968    0.147074
          40      1.0188     8.68629    0.182625
          40     1.24519     10.8643    0.186289
          40     1.47159     11.7642    0.226457
          40     1.69799     12.4756    0.261988
          40     1.92439     11.6231     0.23866
          40     2.15079     10.4341    0.236627
          40     2.37719     8.87747    0.183566
          40     2.60359     6.60395    0.176776
          40     2.82999     5.09006    0.158652
          40     3.05639     3.51739    0.103033
          40     3.28278     2.33649    0.109056
          40     3.50918     1.36462   0.0659655
          40     3.73558     1.01227    0.090282
          40     3.96198    0.611569   0.0640255
          40     4.18838    0.337794   0.0450088
          40     4.41478    0.136431   0.0202799
          40     4.64118    0.029425  0.00784967
          40     4.86758   0.0267812   0.0115516
          40     5.09398   0.0061125  0.00243692
          40     5.32037      0.0023  0.00154683
          40     5.54677      0.0005 0.000391412
          40     5.77317           0           0
          40     5.99957           0           0
          40     6.22597           0           0
          40     6.45237           0           0
          40     6.67877           0           0
