0 29.5369
1 26.1791
2 24.6345
3 23.1907
4 21.1237
5 19.5018
6 19.0994
7 18.8914
8 18.8187
9 18.4847
10 17.8307
11 17.2726
12 16.9148
13 16.5946
14 16.6776
15 16.3732
16 16.1265
17 15.6828
18 15.2532
19 14.6196
20 14.5907
21 14.4212
22 14.4263
23 14.1712
24 13.8807
25 13.7001
26 13.6885
27 13.5485
28 13.5688
29 13.4825
30 13.3421
31 13.2346
32 13.2177
33 13.1626
34 13.0973
35 13.0995
36 12.9951
37 12.9224
38 12.8571
39 12.6428
40 12.6311
41 12.6005
42 12.636
43 12.6163
44 12.5471
45 12.5596
46 12.4538
47 12.3707
48 12.3571
49 12.2355
50 12.2645
51 12.1866
52 12.1874
53 12.1684
54 12.2161
55 12.2205
56 12.3272
57 12.3288
58 12.1842
59 12.2778
60 12.1317
61 12.1284
62 12.123
63 12.1112
64 12.1355
65 12.1075
66 12.1075
67 12.1159
68 12.1519
69 12.1457
70 12.2102
71 12.2345
72 12.2015
73 12.2104
74 12.1255
75 12.1001
76 12.1851
77 12.1717
78 12.1086
79 12.2271
80 12.3043
81 11.9698
82 11.9924
83 12.0415
84 11.7986
85 11.8064
86 11.7787
87 11.7787
88 11.7787
89 11.7959
90 11.8535
91 11.7955
92 11.9725
93 11.8951
94 11.797
95 11.8968
96 11.8956
97 11.7999
98 11.8831
99 11.8437
100 11.8995
101 11.8281
102 11.8576
103 11.825
104 11.9332
105 11.8691
106 12.0247
107 11.9757
108 11.8505
109 11.8167
110 11.7782
111 11.8214
112 11.8267
113 11.8585
114 11.9729
115 11.8084
116 11.6848
117 11.6671
118 11.6462
119 11.5917
120 11.627
121 11.5219
122 11.4857
123 11.5376
124 11.5675
125 11.4572
126 11.4793
127 11.4677
128 11.5573
129 11.6413
130 11.727
131 11.6152
132 11.498
133 11.4641
134 11.417
135 11.2028
136 11.1626
137 11.1361
138 11.0901
139 11.156
140 11.1463
141 11.1194
142 11.0753
143 11.2373
144 11.0306
145 11.0454
146 11.0372
147 11.0026
148 11.1255
149 11.0744
150 11.1107
151 11.0911
152 11.0838
153 11.0401
154 10.9944
155 10.9744
156 10.9438
157 10.8808
158 10.7954
159 10.8906
160 10.8797
161 10.839
162 10.7561
163 10.6528
164 10.6929
165 10.8815
166 10.7981
167 10.7275
168 10.7429
169 10.7496
170 10.7368
171 10.6988
172 10.7101
173 10.7789
174 10.7286
175 10.7739
176 10.7114
177 10.7681
178 10.8068
179 10.8033
180 11.0098
181 10.8995
182 10.8632
183 10.6916
184 10.6938
185 10.7628
186 10.7401
187 10.7478
188 10.7913
189 10.6765
190 10.6595
191 10.653
192 10.6459
193 10.7561
194 10.8818
195 10.7587
196 10.7264
197 10.743
198 10.7302
199 10.7497
