0 25.2102
1 24.653
2 23.1367
3 22.3728
4 21.7488
5 21.0722
6 20.2372
7 19.4415
8 19.3762
9 19.1304
10 18.3005
11 17.3928
12 17.2304
13 15.8277
14 15.8056
15 15.8277
16 15.7194
17 15.6992
18 15.6992
19 14.9742
20 14.9742
21 14.2068
22 14.3594
23 13.3661
24 13.3557
25 13.2771
26 13.2771
27 13.2771
28 13.2326
29 13.2326
30 13.2326
31 13.2138
32 13.2138
33 13.2138
34 12.9615
35 11.741
36 11.741
37 11.0117
38 11.0117
39 11.0117
40 11.0117
41 11.0117
42 11.0117
43 11.0117
44 10.735
45 10.735
46 10.735
47 10.673
48 10.673
49 10.673
50 10.673
51 10.673
52 10.673
53 10.673
54 10.673
55 10.673
56 10.673
57 10.673
58 10.673
59 10.673
60 10.673
61 10.673
62 10.673
63 10.673
64 10.673
65 10.673
66 10.673
67 10.673
68 10.673
69 10.673
70 10.673
71 10.5192
72 10.5192
73 10.5192
74 10.5192
75 10.5192
76 10.5192
77 10.5192
78 10.5192
79 10.5192
80 10.5192
81 10.3964
82 10.3964
83 10.3669
84 10.3964
85 10.3669
86 10.3669
87 10.3669
88 10.3669
89 10.3669
90 10.3669
91 10.3669
92 10.3669
93 10.3669
94 10.3669
95 10.3669
96 10.3669
97 10.3669
98 10.3669
99 10.3669
100 10.3669
101 10.2475
102 10.3669
103 10.3669
104 10.3669
105 10.3669
106 10.3669
107 10.3669
108 10.3669
109 10.3669
110 10.3669
111 10.3669
112 10.3669
113 10.3669
114 10.3669
115 10.3669
116 10.3669
117 10.3669
118 10.3669
119 10.3669
120 10.3669
121 10.3669
122 10.3669
123 10.3669
124 10.3669
125 10.3669
126 10.3669
127 10.3669
128 10.3669
129 10.3669
130 10.3669
131 10.3669
132 10.3669
133 10.3669
134 10.3669
135 10.3669
136 10.3669
137 10.3669
138 10.3669
139 10.3669
140 10.3669
141 10.3669
142 10.3669
143 10.1347
144 10.1347
145 10.1347
146 10.1347
147 9.92827
148 9.92827
149 9.92827
150 9.92827
151 9.92827
152 9.92827
153 9.92827
154 9.92827
155 9.92827
156 9.92827
157 9.92827
158 9.92827
159 9.92827
160 9.92827
161 9.92827
162 9.92827
163 9.92827
164 9.92827
165 9.92827
166 9.92827
167 9.92827
168 9.92827
169 9.92827
170 9.92827
171 9.92827
172 9.92827
173 9.92827
174 9.92827
175 9.92827
176 9.92827
177 9.92827
178 9.92827
179 9.92827
180 9.92827
181 9.92827
182 9.92827
183 9.92827
184 9.92827
185 9.92827
186 9.92827
187 9.92827
188 9.92827
189 9.92827
190 9.92827
191 9.92827
192 9.92827
193 9.92827
194 9.92827
195 9.92827
196 9.92827
197 9.92827
198 9.92827
199 9.92827
