#      step        H        error
0             29.1977            0.854487
1             1.55766           0.0755627
2             18.2439            0.676865
3             6.19889            0.192336
4             20.9455            0.638025
5             1.94955           0.0842278
6            0.291376           0.0362687
7             1.41542           0.0656729
8           0.0608218           0.0231377
9            0.638064           0.0458258
10             1.22055           0.0643613
11           -0.225166          0.00610187
12           -0.256313          0.00787448
13            0.109559           0.0247728
14           -0.255431          0.00758141
15           -0.258113          0.00623017
16            0.363168           0.0388284
17          -0.0702143           0.0069158
18         -0.00851068          0.00834405
19            0.635101           0.0161112
20           -0.245621           0.0078304
21            -0.23644          0.00620414
22             0.14331          0.00941691
23          -0.0402955           0.0183394
24         -0.00201007          0.00859451
25            0.350804           0.0117662
26           0.0249279           0.0075707
27             1.94934           0.0440264
28            -0.24268          0.00795529
29           -0.235238          0.00684579
30           -0.202215          0.00718098
31            0.398169           0.0130915
32           0.0666339           0.0250485
33           -0.189006           0.0162605
34            0.228908           0.0259823
35           -0.256443          0.00690053
36           -0.229301          0.00646166
37           -0.166319          0.00662896
38           -0.238236          0.00791977
39           -0.120899           0.0156279
40           -0.198288          0.00574475
41           -0.116362          0.00775984
42            0.244711           0.0333953
43            0.832569           0.0185152
44           -0.053169          0.00825335
45         -0.00890181          0.00892231
46           -0.192554           0.0084984
47          -0.0373473          0.00887552
48           -0.123442          0.00711858
49          -0.0881981          0.00741112
50           -0.222822          0.00741824
51           0.0250777          0.00877128
52           0.0904987           0.0231168
53           -0.186701           0.0121814
54           -0.255537            0.006969
55           -0.200459           0.0115034
56          -0.0852312           0.0169657
57            -0.11825           0.0142926
58            -0.26018          0.00865535
59            -0.31962          0.00657745
60          -0.0731042            0.014334
61           -0.323513          0.00581099
62           -0.300075          0.00562626
63           -0.259424          0.00743581
64           -0.181175          0.00566721
65          -0.0747467          0.00748169
66          -0.0276815          0.00705936
67           -0.145918          0.00631965
68         -0.00555014          0.00822355
69           -0.260742          0.00784511
70           -0.199395           0.0120408
71           -0.250906           0.0102811
72           -0.131996           0.0112396
73            0.146652           0.0251722
74           -0.246536          0.00830465
75           -0.253539          0.00972587
76           -0.302623          0.00638506
77           -0.306517          0.00500913
78            -0.32081          0.00666453
79           -0.304032          0.00581556
80           -0.378872          0.00348444
81           -0.169383            0.009422
82           -0.248267          0.00522554
83           -0.270627          0.00511509
84           -0.187477          0.00597688
85            -0.38438          0.00386633
86           -0.362692          0.00357054
87           -0.170267          0.00516529
88           -0.276935          0.00547412
89           -0.218201          0.00572906
90           -0.310113          0.00372844
91            -0.30195          0.00523114
92           -0.129475          0.00729264
93             -0.1065           0.0103422
94           0.0104222          0.00698039
95           -0.141137          0.00621592
96           0.0452967           0.0102337
97           -0.194666          0.00520141
98          -0.0253038          0.00718336
99           -0.105395          0.00759792
100           -0.259499          0.00407897
101           -0.346466          0.00345781
102           -0.357564          0.00342559
103            -0.34795          0.00361152
104           -0.396673          0.00277705
105           -0.326726          0.00451182
106           -0.354624          0.00664974
107           -0.352578          0.00633542
108           -0.355329          0.00589542
109           -0.289541          0.00849005
110           -0.326376          0.00433514
111           -0.350717          0.00508336
112           -0.360812          0.00520706
113           -0.352291          0.00415537
114           -0.392144          0.00351287
115            -0.33453          0.00397163
116           -0.310305          0.00489944
117           -0.198633          0.00603471
118           -0.215132          0.00643116
119           -0.355064          0.00349155
120           -0.343073          0.00580273
121           -0.264831          0.00737491
122           -0.201254          0.00920802
123           -0.219962          0.00961353
124           0.0570749           0.0147076
125           -0.384267          0.00438268
126           -0.326434          0.00586073
127           -0.425469            0.003218
128           -0.362946          0.00813284
129           -0.400153          0.00363082
130           -0.413562          0.00376332
131           -0.398054          0.00417208
132            -0.43201          0.00241288
133           -0.174465          0.00949979
134           -0.140028          0.00939634
135            0.347387           0.0194536
136            -0.21741          0.00889209
137          -0.0375129           0.0102962
138         -0.00399976           0.0137103
139            -0.21407           0.0091981
140           -0.304973          0.00722555
141           0.0601557           0.0137298
142             -0.2927          0.00693602
143          -0.0324734          0.00986237
144           -0.216388          0.00760012
145           -0.211616          0.00683302
146           0.0860198          0.00900795
147           -0.276743           0.0079239
148           0.0560966           0.0137827
149           -0.294906          0.00634945
150          -0.0678425           0.0109124
151           -0.137415           0.0101083
152          -0.0794808           0.0113931
153           -0.417006          0.00310611
154           -0.419173          0.00367271
155           -0.436318           0.0035424
156            -0.41109          0.00568978
157           -0.442089          0.00291373
158           -0.437436          0.00327871
159           -0.430723          0.00236854
160            -0.39627          0.00389191
161           -0.320509          0.00538158
162           -0.406642          0.00451928
163           -0.425746          0.00316589
164           -0.263681          0.00794043
165            -0.41571          0.00323877
166           -0.402505          0.00429943
167           -0.320791          0.00697999
168           -0.415279          0.00353745
169           -0.428961          0.00393534
170           -0.421871          0.00241753
171           -0.387457          0.00319612
172           -0.397235          0.00284892
173           -0.395862          0.00271575
174           -0.405393          0.00270155
175           -0.405318          0.00463436
176           -0.381751          0.00415988
177            -0.30577          0.00808288
178           -0.272788           0.0111987
179           -0.402473          0.00329115
180           -0.422814           0.0041939
181           -0.440865           0.0029859
182           -0.438461          0.00236576
183            -0.39391          0.00513599
184            -0.42496          0.00269606
185           -0.416761          0.00395011
186           -0.414051          0.00356224
187           -0.417503          0.00248705
188           -0.379146          0.00349969
189           -0.371645          0.00567516
190           -0.353903           0.0059581
191           -0.431239          0.00310542
192           -0.418098          0.00392652
193           -0.429774          0.00264799
194           -0.423642          0.00405954
195            -0.43209          0.00314987
196           -0.429646          0.00251386
197            -0.43577          0.00263173
198           -0.405374          0.00333073
199           -0.426716          0.00277239
200           -0.430613          0.00264948
201           -0.417403          0.00373619
202           -0.436584          0.00286335
203            -0.40632          0.00295074
204           -0.384176          0.00415995
205           -0.373492          0.00323789
206           -0.351711          0.00385136
207           -0.302389          0.00450084
208           -0.310805          0.00510553
209           -0.358352          0.00359662
210           -0.359655          0.00277337
211           -0.400821          0.00344138
212           -0.409065          0.00471499
213           -0.372015          0.00459688
214           -0.414036          0.00339898
215           -0.431965          0.00288753
216           -0.417843          0.00276535
217           -0.404742          0.00462759
218           -0.404369           0.0041156
219           -0.418756          0.00419309
220           -0.409291          0.00431735
221            -0.40912          0.00445613
222           -0.381002          0.00660206
223           -0.338251          0.00888403
224           -0.387608          0.00504888
225           -0.436471          0.00258899
226           -0.439614          0.00320393
227           -0.435196          0.00348559
228           -0.407064          0.00374781
229           -0.402021          0.00525554
230           -0.427625          0.00337173
231           -0.408508          0.00426291
232           -0.418085          0.00341312
233           -0.421343          0.00279069
234           -0.391081          0.00420643
235           -0.406551          0.00314184
236           -0.445745          0.00249361
237           -0.443322          0.00306683
238           -0.411224          0.00370056
239           -0.440835          0.00272648
240           -0.417288          0.00493241
241           -0.401278          0.00571124
242           -0.402594          0.00445929
243           -0.427101          0.00384667
244           -0.435413           0.0031681
245           -0.436277          0.00273406
246            -0.38273          0.00511525
247           -0.409615          0.00405139
248           -0.434419          0.00285407
249           -0.438174          0.00231429
250           -0.415537          0.00253304
251           -0.396174          0.00320225
252           -0.344488          0.00431396
253           -0.274257          0.00960952
254           -0.356252           0.0047487
255           -0.432828          0.00267551
256           -0.418742          0.00262392
257           -0.403868          0.00313704
258           -0.423402          0.00269186
259           -0.420267          0.00303121
260           -0.433227          0.00337808
261           -0.422097          0.00413013
262           -0.394309          0.00496145
263           -0.377452          0.00462554
264           -0.395763          0.00532519
265           -0.378298           0.0068013
266           -0.392738          0.00466454
267            -0.35249          0.00723656
268           -0.369571          0.00519225
269           -0.340209          0.00821671
270           -0.313086          0.00696651
271             -0.3445          0.00645112
272           -0.331872          0.00676097
273           -0.312269          0.00688305
274            -0.35277          0.00722672
275           -0.381863          0.00633402
276           -0.383528          0.00619081
277           -0.369297          0.00649144
278            -0.36877          0.00612879
279           -0.424073          0.00327743
280           -0.433451          0.00307533
281           -0.435441          0.00315855
282           -0.432442          0.00365218
283           -0.441847          0.00322578
284            -0.41607           0.0042053
285           -0.431279          0.00297614
286           -0.428209          0.00266764
287           -0.431491          0.00244351
288           -0.418138          0.00275303
289           -0.403588          0.00299631
290           -0.393203          0.00272651
291           -0.378974          0.00279679
292           -0.405646          0.00278376
293           -0.396303          0.00340398
294           -0.417783          0.00262034
295            -0.42049           0.0027812
296           -0.415704          0.00433955
297           -0.429954          0.00417788
298           -0.426923           0.0034056
299           -0.441424          0.00240464
300           -0.434817          0.00269729
301           -0.422049          0.00352204
302           -0.439135           0.0028235
303           -0.427608          0.00349919
304           -0.428348          0.00336888
305           -0.432038          0.00381654
306           -0.427396          0.00300354
307           -0.426051          0.00322951
308           -0.416436          0.00371811
309           -0.427726          0.00362613
310           -0.437842          0.00308512
311           -0.447135          0.00254686
312           -0.436937          0.00259953
313           -0.444592           0.0026844
314           -0.425699          0.00231707
315           -0.435618          0.00275016
316           -0.418529          0.00264644
317           -0.421263          0.00297891
318           -0.416607          0.00297489
319           -0.426669           0.0033879
320           -0.433743          0.00278886
321           -0.429632          0.00290399
322            -0.44008          0.00260149
323           -0.437341          0.00306122
324           -0.442029          0.00286265
325           -0.408486           0.0047395
326           -0.441518           0.0027507
327           -0.433471          0.00329454
328           -0.429054            0.004422
329           -0.428687          0.00324921
330           -0.429543          0.00300644
331           -0.437035          0.00260127
332           -0.431945          0.00316005
333           -0.428183          0.00344506
334           -0.427913          0.00293671
335             -0.4266          0.00238906
336           -0.436379          0.00287621
337           -0.435452          0.00230973
338           -0.445968          0.00232483
339           -0.444349          0.00263338
340           -0.440989          0.00290965
341           -0.444034          0.00255881
342           -0.440718          0.00230028
343           -0.443265          0.00271658
344           -0.437502          0.00321784
345           -0.438944          0.00261653
346           -0.439502          0.00281549
347           -0.441135          0.00269235
348           -0.431311           0.0026852
349           -0.443239          0.00288476
350           -0.446748          0.00257202
351           -0.440419          0.00232501
352           -0.405753          0.00472526
353           -0.440941          0.00237752
354           -0.432185          0.00313349
355           -0.441364          0.00239537
356            -0.44354          0.00265463
357           -0.423728          0.00387931
358           -0.404873          0.00412457
359            -0.44657          0.00226109
360           -0.444502          0.00256887
361            -0.43424          0.00289106
362           -0.431094           0.0036223
363           -0.399843          0.00406758
364           -0.387265          0.00399445
365           -0.397511          0.00325955
366           -0.435753          0.00277941
367           -0.433655          0.00300946
368           -0.450433          0.00261557
369           -0.445194          0.00281549
370           -0.444597           0.0026933
371            -0.43183          0.00256987
372           -0.444395          0.00226934
373           -0.434897          0.00287211
374           -0.408914          0.00353698
375           -0.429398          0.00333141
376           -0.435533          0.00276352
377           -0.388561          0.00391416
378           -0.406697          0.00413288
379           -0.417653          0.00303236
380           -0.408834          0.00416132
381           -0.402801          0.00378042
382           -0.381126          0.00411227
383           -0.424184          0.00304782
384           -0.434403          0.00315045
385           -0.418705          0.00364009
386           -0.426243          0.00319875
387           -0.419697          0.00333801
388           -0.412096          0.00360853
389           -0.408848          0.00356739
390           -0.356343          0.00391464
391           -0.439898          0.00296182
392           -0.417787          0.00351553
393             -0.4389          0.00282435
394             -0.4447          0.00246911
395           -0.433954          0.00276287
396           -0.432612          0.00284516
397           -0.440558          0.00251297
398           -0.440886          0.00268305
399           -0.437193          0.00307217
400           -0.443174          0.00247979
401           -0.443258          0.00259114
402           -0.446837          0.00239046
403           -0.445943          0.00247873
404           -0.443944          0.00243535
405           -0.447823           0.0022054
406           -0.435955          0.00264128
407           -0.442243          0.00288559
408           -0.419592          0.00294594
409            -0.41633          0.00356555
410           -0.438801          0.00280778
411            -0.43184           0.0025506
412           -0.427626          0.00310399
413           -0.426929           0.0031528
414           -0.425276          0.00348114
415           -0.430876           0.0038656
416           -0.433435          0.00207568
417           -0.420002          0.00246792
418           -0.417927          0.00308811
419           -0.392344          0.00374679
420           -0.380071          0.00380867
421           -0.385391          0.00370969
422           -0.363047          0.00416541
423           -0.390262           0.0039568
424           -0.390163          0.00374984
425           -0.387769          0.00386892
426           -0.391503          0.00399124
427           -0.383582          0.00356671
428           -0.355575          0.00391607
429           -0.410761          0.00267799
430           -0.391111          0.00278555
431           -0.425072          0.00326231
432           -0.401902          0.00303734
433           -0.422313          0.00259061
434           -0.424962           0.0029168
435           -0.416982          0.00307928
436           -0.411478          0.00303836
437           -0.425455          0.00310879
438           -0.424684          0.00259524
439            -0.43884          0.00281209
440            -0.39877          0.00321858
441           -0.430938          0.00255722
442           -0.438475          0.00225062
443           -0.443351           0.0026531
444           -0.437323          0.00257123
445           -0.440728            0.002437
446           -0.445633          0.00276814
447           -0.443631          0.00255149
448           -0.444308          0.00249384
449           -0.425193          0.00295851
450            -0.43926           0.0032081
451           -0.439018          0.00253871
452           -0.433173          0.00263797
453           -0.429411           0.0032926
454           -0.430006          0.00353776
455           -0.411711          0.00365343
456           -0.407411          0.00310424
457           -0.412238          0.00406657
458           -0.434141          0.00301862
459            -0.43357          0.00297238
460           -0.439206          0.00267375
461           -0.438316          0.00301215
462           -0.438247          0.00294371
463           -0.442478          0.00258041
464           -0.445195          0.00246798
465           -0.446452          0.00289839
466           -0.442468          0.00285793
467           -0.443018          0.00268833
468            -0.44173          0.00281379
469           -0.442222           0.0027776
470           -0.435571          0.00300813
471           -0.439063            0.002999
472           -0.431516          0.00296908
473           -0.436197          0.00288477
474           -0.424689          0.00279317
475           -0.397789           0.0043287
476           -0.423542          0.00344455
477           -0.432998          0.00304784
478           -0.437973          0.00322528
479           -0.429123          0.00333731
480           -0.422848          0.00301285
481           -0.428842          0.00336017
482           -0.431955          0.00308542
483           -0.407568          0.00336055
484           -0.424447           0.0034656
485           -0.432107          0.00298234
486           -0.417692          0.00298733
487           -0.434615          0.00310348
488           -0.434732          0.00296516
489           -0.436725          0.00382007
490           -0.430877          0.00311302
491           -0.434459          0.00300945
492           -0.441744           0.0028351
493           -0.438723          0.00334623
494           -0.439284          0.00238448
495           -0.429421          0.00334149
496           -0.431017          0.00275095
497           -0.416486          0.00325726
498           -0.426356          0.00322415
499           -0.423363          0.00392168
500           -0.411205           0.0046167
501            -0.42128          0.00371605
502           -0.429028           0.0026368
503           -0.425791          0.00306791
504           -0.427316          0.00330076
505           -0.435651          0.00259603
506           -0.410309          0.00479937
507           -0.437738          0.00265241
508           -0.426308          0.00271509
509           -0.430974          0.00255164
510           -0.433002          0.00264519
511           -0.430354          0.00282275
512           -0.430213          0.00251915
513           -0.439282          0.00220652
514           -0.417032          0.00282158
515           -0.424427          0.00239447
516            -0.42454          0.00277977
517           -0.429115          0.00241032
518           -0.436868           0.0025973
519           -0.432019          0.00283196
520           -0.429534          0.00250101
521            -0.42234          0.00269893
522           -0.414268          0.00319821
523           -0.412248          0.00281544
524           -0.412482          0.00305499
525            -0.41912          0.00331218
526           -0.421609          0.00282745
527            -0.41038          0.00256754
528           -0.413752          0.00281271
529           -0.407009          0.00324673
530           -0.411299          0.00281314
531           -0.428164          0.00276729
532           -0.422546          0.00324308
533           -0.427005          0.00265013
534           -0.418094          0.00294263
535           -0.417494          0.00337709
536           -0.400389          0.00417996
537           -0.424323          0.00313666
538           -0.418704          0.00341894
539           -0.417836          0.00381042
540            -0.41593          0.00400865
541           -0.416265          0.00372205
542           -0.422348          0.00331642
543           -0.417725          0.00361281
544           -0.427398          0.00284404
545           -0.416191          0.00383719
546           -0.438223          0.00282956
547           -0.438869          0.00275657
548           -0.434158          0.00301781
549           -0.422052          0.00327503
550           -0.425146          0.00317551
551           -0.430846          0.00328731
552           -0.432696           0.0030923
553            -0.43066          0.00375535
554           -0.434429          0.00325145
555            -0.44047          0.00262025
556           -0.444615          0.00269575
557           -0.441834          0.00266139
558           -0.444315           0.0027569
559           -0.442085          0.00243135
560           -0.420852           0.0037249
561           -0.423129          0.00404623
562           -0.422524           0.0041359
563           -0.422811          0.00412213
564           -0.418652          0.00403192
565            -0.39581          0.00485228
566           -0.429785          0.00341402
567           -0.420878          0.00396412
568           -0.437536          0.00294175
569           -0.432041          0.00332055
570           -0.426943          0.00364096
571           -0.434131          0.00285394
572            -0.42586          0.00329371
573            -0.43572          0.00315646
574           -0.435785          0.00285375
575           -0.432483          0.00323606
576           -0.422443          0.00373633
577           -0.426666           0.0031403
578           -0.433348          0.00297262
579           -0.431716          0.00323532
580           -0.425931          0.00340707
581           -0.426833          0.00397097
582           -0.431004          0.00329843
583           -0.428321          0.00349537
584           -0.429568          0.00288399
585           -0.425621          0.00381522
586           -0.427486          0.00356737
587           -0.431848          0.00332948
588           -0.429722          0.00299884
589           -0.414622          0.00409219
590           -0.415139          0.00333373
591           -0.421268          0.00463065
592           -0.429682          0.00297614
593             -0.4199          0.00365357
594            -0.43704          0.00329966
595           -0.427544          0.00302549
596           -0.437334          0.00306823
597           -0.430206          0.00376977
598           -0.433302           0.0030379
599           -0.433744          0.00334946
600           -0.437375          0.00318825
601           -0.437425          0.00304519
602           -0.430422          0.00330748
603           -0.422846          0.00307687
604           -0.436339          0.00244262
605           -0.434663          0.00251492
606           -0.419194          0.00362012
607           -0.433107          0.00322141
608           -0.427687          0.00410803
609           -0.424883          0.00347583
610           -0.440527           0.0027769
611           -0.432655          0.00239073
612           -0.427255          0.00317624
613           -0.435497          0.00230765
614             -0.4302          0.00252074
615           -0.429738          0.00317849
616           -0.433893          0.00318384
617            -0.43208          0.00227198
618           -0.432187          0.00228446
619            -0.42528          0.00263834
620           -0.430458          0.00281199
621           -0.419083          0.00326569
622           -0.435786          0.00233193
623           -0.421013          0.00330983
624           -0.429501          0.00255681
625            -0.42755          0.00348156
626           -0.427769          0.00295062
627           -0.434611          0.00209263
628           -0.434035          0.00212873
629           -0.429815          0.00245364
630           -0.427722          0.00266736
631           -0.431292          0.00290601
632           -0.429119          0.00246081
633           -0.420504          0.00272933
634           -0.420625          0.00257357
635           -0.407318          0.00306667
636           -0.426666          0.00306508
637           -0.429599          0.00282773
638           -0.427628          0.00361424
639           -0.413474          0.00382922
640           -0.423407          0.00394328
641           -0.431752           0.0027959
642           -0.420526          0.00380061
643           -0.426295          0.00312197
644           -0.416158            0.003501
645           -0.414507          0.00369396
646           -0.425066          0.00254509
647           -0.429943          0.00219349
648           -0.422341          0.00253642
649           -0.422454          0.00267155
650           -0.422607          0.00292155
651           -0.414595          0.00385667
652           -0.408665          0.00326807
653           -0.413928          0.00316332
654           -0.414055          0.00398008
655           -0.418676          0.00311363
656           -0.416962          0.00296482
657           -0.405145          0.00316918
658           -0.417358          0.00336655
659           -0.419552          0.00291577
660           -0.410816          0.00271391
661           -0.422943          0.00369772
662            -0.42877          0.00254309
663           -0.411176          0.00299369
664           -0.430532          0.00241599
665           -0.416809          0.00232701
666           -0.421115          0.00354837
667           -0.430214          0.00255929
668           -0.433267          0.00304659
669           -0.437537          0.00255777
670           -0.440053           0.0027811
671           -0.430708          0.00269125
672           -0.433678          0.00253096
673           -0.419348          0.00283481
674           -0.433377          0.00307576
675           -0.432862           0.0035632
676           -0.442592          0.00238194
677           -0.437364          0.00302541
678           -0.440965          0.00245343
679            -0.43719          0.00259626
680           -0.439916          0.00220319
681           -0.437605          0.00333839
682           -0.441353          0.00257587
683           -0.442494          0.00250331
684           -0.439871          0.00300632
685           -0.443791          0.00262994
686           -0.436765          0.00315218
687           -0.441087          0.00299923
688           -0.447764           0.0025072
689           -0.430729          0.00298362
690           -0.452474          0.00220234
691           -0.438236          0.00327118
692           -0.422871          0.00467631
693           -0.426928          0.00356512
694           -0.432035          0.00369963
695            -0.42761          0.00365574
696           -0.436041          0.00351923
697           -0.425045          0.00419963
698           -0.427119          0.00394646
699           -0.432331          0.00307728
700           -0.430853          0.00392709
701           -0.422087          0.00458749
702           -0.428127          0.00306143
703            -0.42119          0.00392268
704           -0.418126          0.00460644
705           -0.429746          0.00367007
706           -0.423726          0.00455211
707           -0.428421          0.00404247
708           -0.423526          0.00432528
709            -0.42149           0.0042118
710           -0.424018           0.0043181
711           -0.428507          0.00410751
712           -0.428444          0.00369014
713           -0.425446          0.00390864
714           -0.414603          0.00449707
715           -0.403812          0.00495155
716           -0.413194          0.00461734
717             -0.4009          0.00573708
718           -0.433141          0.00367581
719           -0.431131          0.00374718
720           -0.425455          0.00403348
721           -0.430904          0.00290153
722           -0.427575          0.00353033
723           -0.414069          0.00511336
724            -0.43081          0.00366186
725           -0.424011          0.00388425
726           -0.439406          0.00277538
727           -0.428667          0.00361024
728            -0.43264          0.00318901
729           -0.423132          0.00380869
730           -0.418889          0.00442941
731           -0.417538          0.00419646
732           -0.432842          0.00298958
733           -0.432375          0.00284613
734           -0.431453          0.00279585
735           -0.429261          0.00275169
736           -0.435088          0.00246917
737           -0.438951          0.00277405
738           -0.432612          0.00275475
739           -0.440137          0.00317273
740           -0.430771          0.00374802
741           -0.436899          0.00324688
742           -0.434734          0.00344035
743           -0.435763          0.00378706
744           -0.431274          0.00269864
745           -0.431168          0.00343041
746            -0.41955          0.00310614
747           -0.406772          0.00475431
748           -0.428667          0.00384813
749           -0.426278          0.00329759
750           -0.421869           0.0036516
751           -0.417888          0.00456503
752           -0.422051          0.00339414
753            -0.42205          0.00326125
754           -0.418549          0.00374645
755           -0.435519          0.00239548
756            -0.42971          0.00294194
757            -0.43481          0.00258665
758           -0.446285          0.00234268
759           -0.436528          0.00286947
760           -0.434683          0.00343224
761           -0.432981          0.00243519
762           -0.424876          0.00331188
763           -0.427789          0.00292751
764           -0.426703          0.00310406
765           -0.431125          0.00308214
766           -0.432371           0.0027173
767           -0.429454          0.00290787
768           -0.422379          0.00273148
769           -0.430748          0.00288415
770           -0.436182          0.00279516
771           -0.433523          0.00242556
772           -0.437852          0.00218186
773            -0.43733          0.00261401
774           -0.431455          0.00273154
775           -0.432961          0.00218439
776           -0.434726          0.00255648
777           -0.433109          0.00269769
778           -0.434212          0.00271776
779           -0.434122          0.00305581
780           -0.437743          0.00259799
781           -0.435846           0.0027439
782           -0.431361          0.00235652
783           -0.431411          0.00237973
784           -0.427231          0.00280754
785           -0.426938          0.00256747
786           -0.422335          0.00263281
787           -0.423935           0.0027746
788           -0.418182          0.00283879
789           -0.426804          0.00231164
790            -0.42287          0.00263968
791            -0.41446          0.00266597
792            -0.40804          0.00273952
793           -0.416704          0.00270729
794           -0.402298          0.00252998
795            -0.41283          0.00282585
796           -0.418701          0.00268034
797           -0.418358          0.00263119
798           -0.420775          0.00292086
799            -0.41777          0.00308197
800            -0.40967          0.00290103
801           -0.419518          0.00316299
802            -0.42733          0.00277256
803           -0.424058          0.00323178
804           -0.421914          0.00307006
805           -0.418175          0.00261078
806           -0.421388           0.0026565
807           -0.402948          0.00272281
808           -0.425839          0.00258579
809           -0.423742          0.00263662
810           -0.429163          0.00296537
811           -0.438012          0.00243863
812           -0.432555          0.00225214
813           -0.435291          0.00240939
814           -0.431628          0.00277651
815           -0.430874          0.00268643
816           -0.436644          0.00263732
817           -0.434557          0.00258483
818           -0.423602          0.00292545
819           -0.438368          0.00309006
820           -0.438272          0.00267651
821           -0.434136            0.002945
822            -0.43752          0.00300342
823           -0.422303          0.00291409
824           -0.435426          0.00270221
825           -0.431848          0.00259429
826           -0.429437          0.00258366
827           -0.422873          0.00301413
828           -0.431634          0.00244385
829           -0.430872          0.00258865
830           -0.426857          0.00271771
831           -0.431829          0.00241077
832           -0.432109          0.00270037
833           -0.436322          0.00270051
834           -0.436732          0.00270964
835           -0.437646           0.0023573
836           -0.439373          0.00210372
837           -0.432589          0.00248558
838           -0.434331          0.00265254
839           -0.440658          0.00245425
840           -0.424776          0.00254106
841           -0.434155           0.0030617
842           -0.439007          0.00279801
843           -0.433531          0.00283795
844           -0.415741          0.00289725
845           -0.424551           0.0028218
846           -0.423416          0.00357818
847           -0.405977          0.00414058
848           -0.402921           0.0047444
849           -0.417643          0.00374158
850           -0.421028          0.00297508
851           -0.421864          0.00286114
852            -0.42306          0.00304161
853           -0.425903          0.00286725
854           -0.418379          0.00251662
855           -0.417457          0.00306468
856            -0.42155          0.00310283
857           -0.429876          0.00310619
858           -0.428772           0.0025345
859           -0.434709           0.0033144
860           -0.430247          0.00307582
861           -0.415605           0.0034657
862           -0.434031          0.00273838
863           -0.426167          0.00290265
864           -0.426799          0.00325881
865           -0.424625           0.0027005
866            -0.42857           0.0027409
867           -0.426682          0.00247839
868           -0.420205          0.00238744
869           -0.421696          0.00269543
870           -0.430089          0.00256263
871           -0.432442           0.0025574
872            -0.43709          0.00296481
873           -0.437648          0.00241464
874           -0.441805          0.00272202
875           -0.440308          0.00269873
876           -0.444866          0.00238938
877            -0.44427          0.00249332
878           -0.446412          0.00263069
879            -0.43559          0.00306048
880           -0.442723          0.00306678
881           -0.437764          0.00259905
882           -0.435351           0.0026356
883           -0.440857          0.00343319
884           -0.439146          0.00297307
885           -0.437446          0.00303272
886           -0.437301          0.00246832
887           -0.429726          0.00353872
888           -0.420416          0.00406642
889           -0.450712          0.00253813
890           -0.441769          0.00294505
891           -0.442521           0.0024383
892           -0.443006           0.0029065
893            -0.44438          0.00246796
894           -0.436305          0.00288898
895           -0.430459          0.00325871
896            -0.44092          0.00273491
897           -0.439768          0.00271903
898           -0.437367          0.00268619
899           -0.438566          0.00269338
900           -0.419879          0.00347187
901           -0.430747          0.00328631
902           -0.430029          0.00321995
903           -0.438865          0.00245415
904           -0.434517          0.00250788
905           -0.438648          0.00247202
906           -0.441385           0.0022414
907           -0.441489          0.00250729
908           -0.437704          0.00232979
909           -0.437207          0.00246845
910           -0.435857          0.00247618
911           -0.443593          0.00207139
912           -0.439248          0.00246703
913           -0.441919          0.00259365
914           -0.448054          0.00218682
915           -0.445736          0.00266297
916           -0.444747          0.00251859
917           -0.444567           0.0025077
918           -0.445694          0.00281592
919           -0.440236          0.00279106
920           -0.444966          0.00243902
921           -0.437341          0.00307551
922           -0.441721            0.002744
923           -0.438635          0.00341507
924           -0.445745          0.00307658
925           -0.439079          0.00273407
926           -0.441896          0.00317287
927           -0.445039           0.0030126
928           -0.438191           0.0027753
929           -0.443701          0.00253169
930           -0.441101          0.00324937
931           -0.435491          0.00311982
932            -0.44629          0.00229324
933           -0.441877          0.00296265
934           -0.438267          0.00324599
935            -0.44153          0.00255079
936           -0.436957          0.00326786
937           -0.439202          0.00335843
938            -0.44533          0.00244526
939            -0.44517          0.00273658
940           -0.445668          0.00282579
941           -0.441578          0.00307045
942           -0.443448          0.00229786
943           -0.444198          0.00267687
944            -0.44055          0.00299023
945           -0.440422           0.0027898
946           -0.445952          0.00233966
947            -0.43992          0.00304513
948           -0.442058          0.00271362
949           -0.445646          0.00307723
950           -0.435193          0.00325406
951           -0.434876          0.00360353
952           -0.430044          0.00421994
953             -0.4376          0.00303934
954            -0.43894          0.00359122
955           -0.430905          0.00383368
956           -0.439279          0.00237629
957           -0.442397          0.00269471
958           -0.440474          0.00400575
959           -0.445111          0.00314618
960           -0.443081          0.00303771
961            -0.44162          0.00326518
962           -0.433063          0.00297427
963           -0.439697          0.00286257
964           -0.445324          0.00281597
965           -0.441623          0.00279405
966           -0.434652          0.00303211
967           -0.433892          0.00314464
968           -0.425602          0.00362538
969           -0.434394          0.00399262
970           -0.441981           0.0025917
971           -0.439352          0.00275186
972           -0.435235          0.00264429
973           -0.443587          0.00275645
974           -0.441296          0.00268034
975           -0.445312          0.00255767
976            -0.44109          0.00277076
977           -0.442684          0.00292667
978           -0.435397          0.00251981
979            -0.44283          0.00273396
980           -0.441731          0.00250814
981           -0.439639          0.00283535
982            -0.43146           0.0029105
983           -0.434858          0.00331856
984           -0.429903          0.00318092
985           -0.442003          0.00285655
986             -0.4324          0.00260159
987           -0.431149           0.0028374
988           -0.432935          0.00329483
989           -0.428782          0.00296273
990           -0.438037          0.00273103
991            -0.42017          0.00334672
992           -0.441996          0.00255425
993           -0.439126          0.00296639
994           -0.433604          0.00303269
995           -0.443195          0.00278103
996           -0.438998          0.00253495
997           -0.429286          0.00297267
998           -0.435963          0.00288419
999           -0.439012          0.00252901
