#      step        mu        sigma
0            0.565829             2.62018
1            0.137029             1.56269
2             0.19022             2.37261
3           -0.597369             1.86866
4            0.196811             2.48477
5           -0.465988             1.55316
6            0.185542             1.31919
7           -0.739797              1.3466
8             0.29308             1.24017
9           0.0632937             1.41392
10            0.406155             1.46845
11            0.362439            0.824922
12            0.364567            0.955121
13          -0.0520815             1.28151
14            0.430984            0.823076
15            0.329542            0.910201
16            0.250265             1.32998
17           0.0467418            0.778816
18            0.246315            0.706513
19           -0.109963             0.51052
20            0.324434             1.02608
21            0.271274            0.884426
22            0.360601            0.535408
23            0.233524             1.17859
24            0.178443            0.720038
25            0.166657            0.571854
26            0.196955            0.695723
27           0.0406884            0.341167
28            0.219875            0.946683
29            0.127136            0.911506
30           0.0889673             0.88523
31            0.103787            0.578307
32           0.0897824             1.24156
33            0.103592             1.08385
34           -0.663141             1.13749
35            0.148167             0.98543
36          0.00315727             0.92976
37          0.00357146            0.860514
38            0.125382            0.948784
39             0.13714             1.16064
40            0.243624            0.853346
41            0.286717            0.747279
42            0.657978             1.12741
43            0.174838            0.449372
44            0.371669            0.655765
45            0.334766            0.645893
46            0.299956            0.814863
47            0.311159            0.677308
48            0.323898            0.732666
49            0.228748            0.759409
50            0.220987            0.890372
51            0.184197            0.704234
52            0.297165             1.24746
53            0.203208             1.09477
54            0.385682            0.896223
55            0.395684             1.04133
56            0.435873             1.12684
57            0.478622             1.08778
58            0.558526            0.899505
59            0.617458            0.798074
60            0.837073            0.909162
61            0.608843            0.795708
62            0.561452            0.787662
63            0.516612            0.867358
64             0.46281            0.679591
65            0.443377            0.585737
66            0.368916            0.635607
67            0.286576            0.778679
68            0.280607            0.677951
69            0.402167            0.939119
70            0.435211              1.0324
71            0.627355            0.892221
72            0.695018            0.978938
73            0.728302             1.06792
74            0.617216            0.914988
75            0.525246            0.927296
76            0.560524            0.818749
77            0.576697            0.736933
78            0.633433            0.789291
79            0.582662            0.801048
80            0.657264            0.680011
81            0.797629            0.469414
82            0.604266            0.513682
83            0.606399             0.53736
84            0.501702            0.617232
85             0.68048            0.570648
86            0.642235             0.61784
87            0.496268            0.602682
88            0.533404            0.725177
89            0.498569            0.649903
90            0.606622            0.585844
91            0.638974            0.527557
92            0.540152            0.490545
93            0.652802            0.447218
94            0.467932            0.484216
95             0.52577            0.511796
96            0.535895            0.425388
97            0.498565            0.632128
98            0.447236            0.545023
99            0.420804             0.64401
100            0.573496            0.570787
101            0.631512            0.613109
102            0.658927            0.568623
103            0.631257            0.591774
104            0.683189            0.629812
105            0.608363            0.621182
106            0.702251            0.756879
107              0.7509            0.763559
108            0.701078            0.752512
109            0.639436            0.852567
110            0.591004            0.653468
111             0.67529            0.768525
112            0.639115            0.662147
113            0.635088            0.704374
114             0.68241            0.662281
115            0.605789            0.656459
116            0.640156            0.534808
117            0.577349            0.500086
118            0.576777            0.512324
119             0.63191            0.640733
120            0.759684            0.518665
121            0.816325            0.493967
122            0.671031            0.467237
123            0.716593            0.475608
124            0.718797            0.424811
125             0.71408            0.547371
126            0.694388            0.512007
127            0.766384            0.575692
128            0.847098            0.710798
129             0.70432            0.569584
130            0.748669            0.568106
131            0.738708            0.549644
132            0.735832            0.594714
133            0.690677            0.467546
134            0.631618            0.458054
135            0.735154            0.386887
136            0.755603            0.477462
137            0.935742            0.458059
138            0.727701            0.433959
139            0.835274            0.480959
140            0.735418            0.499553
141             0.72513             0.42192
142            0.830478            0.503301
143            0.837281            0.442925
144            0.905152             0.49584
145             0.92125            0.498355
146             1.06149            0.451899
147            0.839821            0.501499
148            0.867921             0.43278
149            0.854328             0.50539
150            0.890241             0.45526
151            0.872904            0.469007
152            0.897194            0.459446
153            0.859357            0.582099
154            0.766956            0.672619
155            0.784179            0.661091
156            0.766403            0.694203
157            0.829513            0.627364
158            0.803241            0.633229
159            0.742475            0.642829
160            0.729306            0.556242
161            0.672252            0.519973
162            0.873181            0.652218
163            0.876534            0.614774
164            0.963028            0.693251
165            0.837691            0.570772
166            0.892957            0.624089
167            0.869287            0.521663
168            0.888575            0.621556
169            0.810383            0.567886
170              0.7312            0.602971
171            0.677269             0.63545
172            0.679538            0.616989
173            0.675388            0.647974
174            0.693837            0.644746
175            0.730038            0.686786
176             0.73977            0.725937
177            0.765767            0.795199
178            0.738459            0.850709
179            0.718694            0.692542
180            0.828307            0.668161
181            0.818229            0.636126
182            0.781977            0.641167
183            0.821124            0.700929
184            0.740964            0.651523
185            0.784802            0.680022
186            0.740041            0.675453
187            0.712948            0.639552
188            0.672618             0.68008
189            0.707563            0.733882
190            0.697231            0.752326
191            0.764741            0.582677
192            0.733742            0.571843
193            0.755266            0.600078
194            0.755469            0.661422
195            0.748721            0.629112
196            0.740737            0.604922
197            0.742895            0.601522
198            0.731084            0.563666
199            0.739034            0.654161
200            0.761852            0.663456
201            0.803383            0.677743
202             0.77717            0.645012
203            0.699722            0.608095
204            0.666071             0.61559
205            0.662463            0.598322
206            0.642904            0.583643
207            0.585335            0.607497
208              0.6341            0.545764
209            0.659399            0.570817
210            0.646527            0.587941
211            0.706222            0.575805
212            0.768133            0.548781
213            0.742032            0.531784
214            0.799139            0.564117
215            0.777887            0.579934
216            0.731299            0.661932
217            0.757482            0.705247
218            0.795943            0.704163
219            0.796277             0.69018
220            0.753649            0.689285
221            0.764737            0.688266
222            0.771984            0.727884
223            0.792945            0.769718
224            0.730245            0.708421
225            0.765458            0.618008
226            0.766232            0.591812
227            0.792418            0.579362
228            0.773565            0.553759
229            0.769251            0.544355
230            0.790842             0.56532
231            0.804217            0.552389
232            0.753903            0.568796
233            0.733434            0.639177
234            0.733007            0.547936
235            0.746977            0.563821
236            0.787088            0.613561
237            0.828907             0.61712
238            0.852675            0.566797
239              0.8371            0.612737
240            0.810908            0.667847
241            0.814753            0.695745
242            0.839079            0.688351
243            0.812584             0.66844
244            0.756424            0.652536
245            0.770193            0.585502
246            0.762281            0.537495
247            0.771177            0.559136
248            0.770734            0.603044
249            0.769453            0.640682
250            0.716208             0.60584
251            0.710041            0.558118
252            0.659012            0.549947
253            0.765073            0.493881
254            0.672827            0.546263
255            0.745045            0.611733
256            0.710097            0.607174
257            0.699231            0.626432
258            0.717257            0.629454
259            0.721766            0.653926
260            0.806767            0.655116
261            0.776821            0.677428
262            0.744834            0.716293
263            0.682005            0.716338
264            0.816906            0.702071
265            0.800506            0.723654
266            0.765327            0.712131
267            0.788051            0.750836
268            0.750133            0.745316
269            0.756533             0.76163
270            0.744295            0.790639
271            0.747439            0.768376
272            0.753269            0.783993
273            0.716714            0.804774
274            0.758524            0.758853
275            0.844951            0.706937
276            0.836399            0.700721
277            0.868149            0.703228
278            0.841986            0.712387
279            0.789236            0.674694
280            0.763051            0.645602
281            0.796901            0.658276
282            0.811809            0.669279
283            0.800009            0.637919
284            0.786465             0.67966
285            0.753698            0.655381
286            0.740306            0.611269
287            0.741578            0.611575
288            0.711384             0.60182
289            0.703489            0.583859
290            0.679252            0.613238
291            0.664401            0.603201
292            0.701494            0.596809
293            0.689751            0.581739
294            0.708413            0.608913
295            0.726771            0.656721
296            0.770065            0.687789
297            0.790759            0.661816
298            0.772473            0.663922
299            0.764254            0.626944
300            0.749935            0.630185
301            0.779324            0.682891
302            0.764064            0.634782
303            0.784095            0.659945
304            0.772541            0.669212
305            0.794213            0.660506
306             0.74109            0.643979
307            0.735236            0.632319
308            0.752106            0.679822
309            0.775658            0.664681
310            0.808584            0.642031
311            0.810516            0.623645
312            0.775067            0.642699
313             0.78106            0.610813
314            0.735575            0.612539
315            0.768634            0.594159
316            0.724313            0.599498
317            0.740725            0.582887
318            0.730251            0.579891
319            0.773289            0.579551
320            0.789548            0.584599
321            0.786434            0.576341
322            0.820842            0.591757
323             0.82484            0.614544
324            0.813062            0.627618
325            0.836182            0.680574
326            0.780418            0.641319
327            0.770547            0.652906
328            0.822957            0.649952
329            0.769073            0.659347
330             0.74428            0.634941
331            0.757843            0.636408
332            0.773648            0.662329
333            0.761681            0.658661
334            0.749683            0.654209
335            0.730663            0.621696
336             0.75676            0.635293
337             0.75956             0.60363
338            0.785525            0.620807
339            0.800112            0.611193
340            0.796619            0.642704
341            0.784268            0.635755
342            0.768259            0.619505
343            0.772512            0.599007
344             0.82419            0.602011
345            0.811338            0.598804
346            0.820903            0.593666
347            0.802274            0.600231
348            0.765312            0.595177
349            0.787673            0.617697
350            0.805759            0.612065
351            0.797483             0.61299
352             0.79976            0.552687
353            0.813865            0.635979
354            0.852184            0.621036
355            0.801426            0.617539
356            0.790621             0.59116
357            0.772785            0.567001
358            0.796784            0.550112
359            0.789445            0.609605
360            0.809013            0.617641
361            0.807267            0.580681
362            0.824401            0.577658
363            0.863385            0.567462
364            0.883129            0.559579
365            0.873993              0.5655
366            0.854128            0.609894
367            0.844966            0.606707
368            0.802099            0.610547
369            0.795424            0.619494
370            0.798739            0.624045
371            0.747205            0.627105
372            0.783417            0.631599
373            0.805159             0.58109
374            0.831925            0.560748
375            0.834361            0.578486
376            0.833971            0.584275
377            0.852121            0.549239
378            0.891713            0.589032
379            0.883094             0.59758
380             0.88725            0.584869
381            0.893915            0.594633
382            0.887811            0.556833
383            0.875793            0.591512
384            0.842206            0.593922
385            0.838022            0.565948
386            0.860384            0.607051
387            0.879318            0.598363
388            0.858359            0.575176
389            0.865317            0.567264
390            0.883667              0.5399
391            0.848373             0.59653
392            0.818181            0.558892
393            0.807628            0.595236
394            0.791675            0.617635
395            0.774245            0.593928
396            0.771608            0.594081
397             0.78738            0.589277
398            0.777983            0.592294
399            0.811323            0.582885
400            0.790717            0.599107
401            0.794212            0.616464
402             0.79825            0.606283
403            0.813217            0.605267
404            0.778595            0.620862
405             0.78532            0.628639
406            0.763622            0.616923
407            0.790123            0.592757
408            0.770859            0.570407
409            0.778144            0.561754
410            0.776014            0.596457
411            0.748824            0.600098
412            0.769001             0.58323
413            0.771397             0.57672
414            0.765195            0.571284
415            0.750533            0.589426
416            0.742952            0.606016
417            0.722257            0.632766
418            0.732348            0.672041
419            0.698413            0.691146
420            0.685603             0.70656
421            0.675865            0.710774
422            0.672001            0.734445
423            0.697918            0.699805
424            0.694603            0.701567
425            0.688847            0.690604
426            0.692577            0.695668
427            0.665783            0.658625
428            0.625502            0.668115
429            0.698605            0.616386
430            0.673846            0.614966
431            0.725007            0.617965
432            0.687137             0.59278
433            0.723279            0.635341
434            0.723448            0.645707
435            0.726707            0.644902
436            0.746939            0.688416
437            0.729596            0.639848
438             0.72534            0.621117
439            0.745893            0.606844
440            0.701978            0.581067
441            0.728982            0.617637
442            0.773183            0.591944
443            0.799852             0.60317
444            0.799061             0.59171
445             0.78208            0.597984
446            0.795703            0.611436
447            0.770607            0.606711
448            0.785163            0.598875
449            0.806156            0.575053
450            0.810785            0.585944
451            0.776146            0.598702
452            0.784007            0.588533
453            0.793276             0.57249
454            0.766642            0.571884
455            0.767056            0.563569
456            0.736512            0.562016
457            0.758725            0.563589
458            0.796476            0.577737
459            0.791841            0.581711
460             0.80162            0.598868
461            0.828076            0.596373
462            0.822997            0.598022
463            0.821227            0.628514
464            0.794658            0.613186
465            0.803594             0.62163
466            0.822516            0.613678
467            0.822543             0.61284
468            0.796743            0.615448
469            0.808763            0.598155
470            0.793576            0.580234
471            0.831937            0.589691
472             0.85029            0.594345
473             0.84343            0.592391
474            0.838543            0.576844
475            0.847423            0.554964
476            0.871233            0.611937
477            0.849851            0.626626
478            0.838942            0.603682
479            0.853993            0.591588
480            0.862596            0.589676
481            0.845155             0.58636
482            0.829382            0.580561
483            0.834445            0.563943
484            0.846443            0.584783
485            0.847105            0.591125
486            0.848631            0.573013
487            0.844159             0.58921
488            0.854965            0.609036
489            0.845508             0.62458
490            0.852291            0.626614
491            0.844998            0.624059
492            0.834373            0.624198
493            0.805123            0.628157
494            0.793685            0.645097
495            0.763733            0.654303
496            0.755061            0.656289
497            0.757856            0.698435
498            0.755258            0.657232
499            0.778137            0.680419
500            0.778859             0.68638
501            0.779393              0.6728
502            0.758215            0.670278
503            0.763145            0.667054
504            0.766271            0.659038
505            0.777905            0.650941
506            0.797208            0.690969
507            0.779071            0.643124
508             0.73991            0.644896
509            0.745175            0.634919
510            0.741573            0.626554
511            0.730337            0.627566
512            0.746181             0.62134
513            0.747913            0.615203
514            0.717947             0.60951
515            0.732496            0.610424
516            0.723155            0.599443
517            0.738456            0.599016
518            0.754285            0.610606
519            0.739035            0.633878
520            0.747217             0.63523
521            0.729817            0.630272
522            0.714364            0.647405
523            0.702469            0.650275
524            0.718884            0.653068
525            0.719663            0.634332
526            0.718757            0.641173
527            0.708061             0.65982
528             0.71349              0.6611
529            0.697833             0.64608
530            0.701304            0.636059
531            0.742877            0.642751
532            0.737563            0.658771
533            0.744902            0.651689
534             0.72361            0.653214
535            0.728609            0.661071
536            0.729184            0.684379
537            0.747233             0.66526
538            0.735226            0.677211
539            0.754281            0.681874
540            0.758472            0.697446
541            0.776451            0.683911
542            0.756594            0.677909
543            0.754648            0.679888
544             0.74718            0.662915
545            0.724796            0.674475
546            0.773852            0.640507
547             0.77895            0.645038
548            0.763205            0.657176
549            0.753094            0.651313
550            0.738192            0.646325
551             0.75291            0.648765
552            0.778117             0.66063
553            0.777781            0.648832
554            0.780001            0.640018
555            0.792935            0.636363
556            0.792345            0.624158
557            0.801548            0.612686
558            0.805681            0.611023
559            0.808885            0.631953
560            0.816374            0.674715
561            0.838558            0.655747
562            0.847082              0.6581
563            0.833417             0.66958
564            0.810306            0.670372
565            0.789013            0.698847
566            0.795406            0.660064
567            0.811163            0.663891
568            0.781088            0.666051
569            0.795646            0.661179
570            0.746249            0.659873
571            0.763075            0.659214
572            0.757903            0.666461
573            0.771946            0.645731
574            0.776685            0.650607
575            0.766555            0.655041
576            0.782946            0.666015
577            0.777271            0.661899
578            0.775344             0.65805
579            0.773931            0.662152
580            0.778546            0.667245
581            0.794261            0.682202
582            0.800353            0.668184
583            0.798342            0.669639
584            0.772172            0.657311
585            0.774041            0.669781
586            0.776847             0.66781
587            0.772086            0.672261
588            0.752317            0.663927
589            0.764082            0.672612
590            0.752339            0.668478
591            0.770615            0.666499
592            0.790792            0.656166
593            0.777414            0.659265
594            0.782686            0.649305
595            0.770902            0.662491
596            0.781107            0.651328
597            0.782044            0.653355
598            0.778869            0.658088
599            0.776622             0.65604
600            0.777265            0.644325
601            0.776631            0.651807
602            0.781079              0.6642
603            0.747671            0.662913
604            0.761281            0.639655
605            0.752132            0.640533
606            0.739347            0.670987
607            0.762804            0.647118
608            0.770077            0.654184
609            0.780483            0.663823
610            0.760927            0.642106
611            0.740912            0.639837
612            0.737256            0.630104
613            0.746406            0.631279
614            0.748057            0.632404
615            0.748493            0.634841
616            0.751819            0.624802
617            0.756912            0.616636
618            0.739154            0.622145
619            0.738187            0.647703
620            0.742316            0.638759
621            0.732091             0.65197
622            0.751643            0.648344
623            0.737533            0.646972
624            0.739212             0.64769
625            0.753146            0.641222
626            0.755617            0.668731
627            0.749169            0.628836
628            0.739203            0.614744
629            0.748723            0.615451
630            0.737377            0.610764
631            0.749159            0.624079
632            0.741142            0.629548
633             0.71765            0.638712
634            0.730779            0.647042
635            0.701098            0.647906
636            0.741078            0.656239
637            0.751806            0.654474
638            0.784465            0.659906
639            0.756723             0.68944
640            0.777658            0.671951
641            0.768384            0.668451
642            0.748929            0.664105
643            0.749429            0.652497
644            0.727872            0.653951
645            0.721847            0.663858
646            0.733151            0.641456
647             0.73393            0.625591
648            0.724583            0.628083
649            0.719054            0.640578
650            0.720328            0.654994
651            0.735493            0.668469
652            0.734695            0.673597
653            0.722663            0.662666
654            0.727393            0.657904
655            0.733847             0.66147
656             0.72133            0.657807
657            0.712032            0.668953
658            0.728307            0.658942
659            0.721035             0.64978
660            0.711973            0.648714
661            0.734084            0.653785
662            0.735136             0.62996
663            0.697868             0.62466
664            0.735401            0.631079
665            0.710002            0.625196
666             0.71879            0.608442
667            0.740355            0.613983
668            0.743534            0.614507
669            0.754207            0.625736
670            0.768179            0.636958
671            0.745905             0.63678
672            0.752353            0.639028
673            0.727753            0.638248
674            0.775777            0.640559
675            0.771729             0.63532
676              0.7718            0.641566
677            0.759892            0.633665
678            0.771474            0.619511
679             0.76504            0.613192
680            0.769756            0.618641
681             0.76516            0.625742
682            0.776928            0.618232
683            0.773805            0.625216
684              0.7823            0.631215
685            0.801633             0.62569
686            0.803243            0.611855
687            0.806061            0.610259
688            0.812757            0.613689
689            0.829872            0.596122
690            0.812268            0.617713
691            0.809445            0.653525
692            0.833388            0.657662
693              0.8078            0.659639
694            0.804393            0.665648
695            0.796544            0.665216
696            0.806664            0.664902
697            0.803858            0.669621
698            0.792417            0.667259
699            0.800137            0.658019
700            0.791654            0.662455
701            0.799045            0.675754
702            0.801457            0.660043
703             0.80396            0.670592
704            0.813281            0.674249
705            0.807249            0.674881
706            0.805675            0.667969
707            0.831577             0.66272
708            0.828956             0.66404
709            0.827973            0.665909
710            0.834746            0.657708
711             0.83609             0.66267
712             0.84895            0.645893
713            0.851789            0.649648
714            0.839917            0.673073
715             0.85084            0.687221
716            0.841629            0.667664
717            0.851421             0.67426
718            0.828746            0.649617
719            0.843676            0.640241
720            0.838064            0.660126
721            0.820425            0.656132
722            0.819336             0.66286
723            0.818879            0.677473
724            0.810133            0.661346
725            0.817893            0.670359
726            0.787508            0.657979
727            0.777347            0.662801
728            0.785235            0.665025
729            0.774668             0.66736
730            0.767735            0.674463
731            0.765306            0.682852
732             0.76003            0.653984
733            0.753565            0.649116
734            0.748535            0.636628
735            0.749171            0.639328
736            0.760585            0.621525
737            0.759551            0.633087
738            0.765019            0.643497
739            0.784201            0.642336
740            0.794435            0.655714
741            0.781829             0.64037
742            0.778702            0.643191
743            0.785259            0.651793
744            0.769865            0.656341
745            0.776728            0.659126
746            0.762986            0.673906
747            0.773456            0.690594
748            0.783298             0.67414
749            0.771947             0.66631
750             0.77056            0.674645
751            0.775568            0.685283
752            0.776158            0.675551
753            0.756933            0.672161
754            0.764375            0.672939
755            0.755974             0.64323
756            0.743651            0.630851
757            0.747997            0.619582
758            0.778306            0.603886
759            0.759525            0.589077
760            0.779642            0.575298
761            0.776788            0.586116
762             0.76546            0.572685
763             0.75361            0.583326
764            0.754924            0.578685
765            0.765954            0.580133
766            0.762318            0.584218
767            0.750389            0.588959
768            0.748997            0.583954
769            0.752693              0.5874
770            0.749121            0.616819
771             0.74602             0.62051
772            0.751163            0.618137
773            0.757422            0.606711
774             0.74976            0.601674
775            0.763781            0.597467
776            0.745906            0.597033
777             0.74749            0.595951
778            0.748843            0.611562
779             0.75947            0.626192
780            0.757216            0.629086
781            0.760214            0.631687
782            0.756162            0.606681
783            0.747087            0.613298
784             0.72516            0.617081
785            0.725895            0.619756
786             0.71534            0.610908
787            0.728798            0.601117
788            0.720536            0.596445
789            0.723324            0.604512
790            0.718417            0.613478
791            0.712515            0.601992
792            0.699694            0.618084
793            0.713219            0.615439
794            0.694548            0.607029
795            0.712247            0.619496
796            0.710711            0.623434
797            0.720912            0.622319
798            0.717232            0.623838
799             0.71682            0.644364
800            0.716687            0.652863
801            0.723184            0.662249
802            0.741724            0.657609
803            0.738127             0.65175
804            0.724185            0.656056
805             0.71437            0.631683
806            0.720099            0.631541
807            0.704718            0.648427
808            0.729255            0.635304
809            0.732033             0.63299
810            0.741564            0.639409
811            0.747609            0.622379
812            0.746776            0.608731
813            0.751342            0.607768
814             0.74552            0.605035
815            0.749124            0.591617
816            0.758243            0.590768
817            0.757311            0.595856
818            0.746424            0.577028
819            0.772011            0.590383
820            0.789503             0.59535
821            0.781133            0.586975
822            0.769376            0.595252
823            0.761733            0.581752
824             0.76024            0.597841
825             0.75523             0.58943
826            0.746749            0.597154
827            0.734597             0.61323
828            0.732638            0.613641
829            0.740101            0.604512
830            0.739006            0.607487
831            0.738512            0.622397
832            0.747177            0.628313
833            0.762204             0.63469
834            0.758071            0.632067
835            0.756021             0.62347
836            0.759087            0.627189
837            0.752758            0.623392
838            0.751804            0.622304
839            0.755971            0.630721
840            0.737459            0.622501
841            0.755926            0.640934
842            0.757799            0.640683
843            0.751294            0.650358
844            0.739258            0.658262
845            0.746155            0.656902
846            0.740747            0.668434
847            0.734934            0.680974
848            0.739956            0.692377
849            0.741492            0.679667
850            0.735106            0.659088
851            0.730647            0.650628
852            0.730746            0.652994
853            0.742756            0.647673
854            0.719527            0.650462
855            0.730213             0.66634
856            0.740659             0.66219
857            0.750395            0.649367
858            0.751641            0.650386
859            0.761505            0.653578
860            0.754831            0.644561
861            0.738328            0.683947
862            0.747181            0.648329
863            0.749297            0.653451
864            0.740182            0.650593
865            0.741652            0.642296
866            0.742318            0.641516
867            0.729958            0.624191
868            0.717344            0.608873
869            0.725994            0.606488
870            0.735805            0.611987
871            0.747826            0.611651
872            0.770032            0.612148
873            0.759692            0.601341
874            0.767637            0.597564
875            0.770488            0.596247
876             0.78899            0.601744
877            0.798668            0.604742
878            0.801369            0.607332
879            0.827144            0.606175
880            0.831699            0.609955
881             0.83689             0.61455
882            0.832996            0.610048
883            0.833446            0.610388
884             0.83727            0.614676
885            0.842065            0.618196
886            0.850473            0.623605
887            0.849275            0.626269
888             0.86438            0.646198
889            0.819911            0.622026
890            0.808258            0.615117
891            0.794845            0.602728
892            0.794621            0.606999
893            0.798942            0.600711
894            0.781544            0.595083
895             0.79613            0.586197
896            0.781136             0.59419
897            0.779833              0.5967
898            0.774354            0.589581
899             0.76712            0.589652
900            0.770784             0.56987
901            0.770793            0.584741
902            0.757336            0.578791
903            0.768629            0.592804
904             0.75864             0.59814
905            0.772651            0.616458
906            0.765199            0.627041
907            0.762673             0.62147
908            0.762221            0.630439
909            0.755378            0.637271
910            0.760372            0.619559
911            0.770966            0.620954
912            0.768742            0.637812
913            0.788346            0.628544
914            0.793829            0.612283
915            0.798952            0.618684
916             0.81046            0.607711
917            0.815471            0.612772
918            0.815857            0.613219
919            0.826255            0.605922
920            0.819962            0.602077
921             0.83102            0.606483
922            0.838236            0.611226
923            0.823667            0.611157
924            0.827529            0.610209
925            0.819919            0.612887
926            0.814799            0.614292
927            0.816786             0.61098
928            0.812888            0.600693
929            0.821783            0.614937
930            0.815108            0.623328
931            0.801549            0.619418
932             0.81301            0.621736
933            0.820454             0.61742
934            0.826161            0.618427
935            0.820171            0.615606
936            0.822834             0.62076
937            0.794948            0.627538
938            0.804203            0.612857
939            0.789174            0.617562
940            0.790936            0.611132
941            0.795092            0.609907
942            0.806309            0.606934
943            0.804928            0.614269
944            0.794549            0.635038
945            0.805889            0.623089
946            0.801245            0.630417
947            0.803382            0.644232
948            0.795781            0.629974
949            0.803598             0.64305
950            0.811616            0.647402
951            0.806591            0.653353
952            0.797198            0.659575
953            0.807488            0.653069
954             0.81265            0.646068
955            0.807819            0.656301
956            0.818688             0.62223
957            0.819929            0.620629
958            0.809858             0.62482
959             0.82446            0.612902
960            0.822299            0.621312
961            0.823444            0.607737
962            0.833147             0.60223
963            0.830972            0.612838
964            0.829171            0.602057
965            0.833871            0.606885
966            0.828311            0.591529
967            0.835437            0.589068
968            0.829755            0.581222
969            0.815609            0.585031
970            0.818791            0.594131
971            0.814249             0.59084
972            0.799673            0.588934
973            0.798825             0.59429
974            0.805681            0.601089
975            0.796688            0.598046
976            0.800295            0.595497
977            0.788489            0.600898
978            0.782138            0.607134
979            0.783711            0.608403
980            0.795881            0.593494
981            0.789605            0.593494
982            0.799281             0.58571
983            0.780562             0.58271
984            0.789209            0.576406
985            0.773854            0.586205
986            0.787344             0.58888
987            0.769176            0.585476
988            0.766904             0.58268
989            0.777968            0.579326
990            0.785385            0.583314
991            0.766818            0.570217
992             0.78178            0.592362
993            0.777775            0.584066
994            0.768851            0.588866
995            0.773563            0.593045
996            0.784239            0.593249
997            0.783375            0.574254
998            0.765452             0.59256
999            0.777346            0.592346
