0 30.0368
1 28.6409
2 23.6242
3 22.9748
4 21.887
5 21.5944
6 21.5701
7 19.5105
8 19.1806
9 17.6224
10 17.6152
11 17.1368
12 17.0914
13 17.0925
14 16.9578
15 16.9308
16 15.8299
17 15.0803
18 15.0515
19 15.0515
20 15.0515
21 14.115
22 13.4431
23 14.115
24 14.115
25 14.115
26 14.115
27 14.115
28 14.115
29 13.8743
30 13.8743
31 13.7166
32 13.7166
33 13.3667
34 13.3667
35 13.3667
36 12.9495
37 13.2865
38 13.2865
39 12.6146
40 11.9459
41 12.5347
42 12.5347
43 12.5347
44 12.5347
45 12.4582
46 12.3964
47 12.1552
48 12.1375
49 12.1086
50 12.1086
51 11.2573
52 11.5715
53 11.5715
54 11.5715
55 11.5715
56 11.2489
57 11.2489
58 11.2489
59 11.2489
60 11.2489
61 11.2489
62 11.2489
63 11.1206
64 11.1206
65 11.1206
66 11.1206
67 11.1206
68 11.1206
69 11.1206
70 11.1206
71 11.1206
72 11.1206
73 11.1206
74 11.1206
75 11.1013
76 11.1013
77 11.1013
78 11.1013
79 11.1013
80 11.1013
81 11.1013
82 11.1013
83 11.1013
84 11.1013
85 11.1013
86 11.1013
87 11.1013
88 11.1013
89 11.1013
90 11.1013
91 11.1013
92 11.1013
93 11.0553
94 11.0553
95 11.0553
96 11.0553
97 11.0553
98 11.0553
99 11.0553
100 11.0553
101 11.0553
102 11.0425
103 11.0425
104 11.0425
105 11.0425
106 11.0425
107 11.0425
108 11.0425
109 10.9607
110 10.9607
111 10.9607
112 10.9607
113 10.9607
114 10.9607
115 10.9607
116 10.9607
117 10.9607
118 10.9607
119 10.9607
120 10.9607
121 10.9607
122 10.9607
123 10.8558
124 10.8558
125 10.8558
126 10.8558
127 10.8558
128 10.8558
129 10.8558
130 10.8558
131 10.8558
132 10.8558
133 10.8558
134 10.8558
135 10.8558
136 10.8558
137 10.8558
138 10.8558
139 10.8558
140 10.8558
141 10.8558
142 10.8558
143 10.8558
144 10.8558
145 10.8558
146 10.8558
147 10.8558
148 10.8558
149 10.8558
150 10.817
151 10.817
152 10.817
153 10.817
154 10.817
155 10.817
156 10.817
157 10.817
158 10.817
159 10.817
160 10.817
161 10.817
162 10.817
163 10.817
164 10.817
165 10.817
166 10.817
167 10.817
168 10.817
169 10.817
170 10.817
171 10.817
172 10.817
173 10.817
174 10.817
175 10.817
176 10.817
177 10.817
178 10.817
179 10.817
180 10.817
181 10.817
182 10.817
183 10.817
184 10.817
185 10.817
186 10.817
187 10.817
188 10.817
189 10.817
190 10.817
191 10.817
192 10.817
193 10.817
194 10.817
195 10.817
196 10.817
197 10.817
198 10.817
199 10.817
