0 30.9106
0 28.6732
0 31.4562
0 30.0368
0 29.3833
1 30.8342
1 26.3374
1 26.7148
1 28.6409
1 26.7621
2 25.566
2 26.1397
2 25.8234
2 23.6242
2 25.8385
3 25.1197
3 23.715
3 23.5336
3 25.7666
3 22.9748
4 24.7469
4 23.2736
4 22.7022
4 22.9711
4 21.887
5 24.6286
5 22.1417
5 21.2177
5 22.9711
5 21.5944
6 22.4808
6 21.2113
6 19.317
6 22.665
6 21.5701
7 21.5851
7 21.1666
7 18.3029
7 22.0227
7 19.5105
8 20.2197
8 20.7784
8 20.3916
8 17.3356
8 19.1806
9 18.3446
9 21.3465
9 20.3885
9 16.5912
9 17.6224
10 18.3446
10 20.3885
10 19.0486
10 16.5931
10 17.6152
11 17.7829
11 19.8092
11 16.3186
11 19.5737
11 17.1368
12 16.9808
12 15.5995
12 19.4518
12 19.3937
12 17.0914
13 16.8664
13 15.5995
13 17.7766
13 17.9822
13 17.0925
14 16.3691
14 17.495
14 15.0424
14 17.7766
14 16.9578
15 17.2349
15 17.4351
15 16.9308
15 15.0424
15 16.0038
16 15.8299
16 16.7518
16 17.4351
16 15.517
16 15.0424
17 15.0803
17 16.6719
17 17.2942
17 14.7187
17 15.6072
18 15.0515
18 17.056
18 15.8959
18 15.6072
18 14.5551
19 16.7987
19 15.0515
19 15.4972
19 14.9467
19 14.4259
20 16.7987
20 15.0515
20 14.566
20 14.4259
20 15.4555
21 16.1398
21 14.115
21 14.4259
21 15.4555
21 13.9362
22 15.1518
22 14.2223
22 15.4555
22 13.4431
22 13.9362
23 15.1518
23 14.2223
23 15.1238
23 14.115
23 13.9362
24 14.2223
24 15.1518
24 15.1238
24 13.9362
24 14.115
25 14.2223
25 15.0471
25 15.1238
25 13.6556
25 14.115
26 14.1155
26 15.0471
26 15.1238
26 13.6556
26 14.115
27 15.0471
27 14.1155
27 15.1238
27 13.6556
27 14.115
28 13.9389
28 15.0471
28 15.1238
28 13.6556
28 14.115
29 15.0471
29 12.3603
29 15.1238
29 13.6527
29 13.8743
30 13.3453
30 13.8743
30 15.0029
30 12.2985
30 15.0471
31 13.3453
31 12.3603
31 15.0029
31 15.0471
31 13.7166
32 12.2985
32 15.0029
32 15.0471
32 13.3453
32 13.7166
33 12.1857
33 14.3714
33 15.0029
33 13.3453
33 13.3667
34 12.1857
34 15.0029
34 14.3714
34 13.3453
34 13.3667
35 15.0029
35 12.1857
35 13.1609
35 14.1953
35 13.3667
36 15.0029
36 12.1857
36 13.1609
36 13.696
36 12.9495
37 14.8185
37 13.1609
37 12.0182
37 13.5292
37 13.2865
38 13.5726
38 14.7055
38 13.0479
38 11.9377
38 13.2865
39 13.6562
39 14.7055
39 11.9377
39 13.0479
39 12.6146
40 13.5545
40 11.9377
40 14.6686
40 13.0479
40 11.9459
41 13.5545
41 11.9377
41 14.6686
41 13.0479
41 12.5347
42 13.5545
42 14.4889
42 11.8989
42 13.0479
42 12.5347
43 13.5545
43 11.8989
43 13.0479
43 14.4889
43 12.5347
44 13.3601
44 12.9578
44 11.8227
44 14.4889
44 12.5347
45 12.9578
45 14.4889
45 12.4582
45 11.8227
45 13.3378
46 14.4889
46 12.9578
46 11.7949
46 13.3237
46 12.3964
47 12.1552
47 12.9476
47 14.4746
47 12.9578
47 11.7949
48 12.1375
48 12.9476
48 14.4889
48 12.7849
48 11.7949
49 12.1086
49 12.9406
49 11.5525
49 12.7849
49 14.3261
50 12.1086
50 12.7604
50 11.5525
50 12.7849
50 14.3261
51 12.7604
51 12.7849
51 14.3261
51 11.5525
51 11.2573
52 12.7027
52 11.5715
52 11.5146
52 14.3261
52 12.66
53 12.608
53 11.5146
53 12.4727
53 11.5715
53 14.3261
54 11.5715
54 14.3261
54 12.4727
54 12.608
54 11.5146
55 11.5715
55 14.3261
55 12.4727
55 11.5146
55 12.608
56 11.2489
56 12.4727
56 11.5146
56 14.3261
56 12.608
57 11.2489
57 11.5146
57 14.3261
57 12.4727
57 12.5742
58 11.2489
58 11.5146
58 14.0714
58 12.4727
58 12.4849
59 11.2489
59 12.4727
59 11.2137
59 13.8419
59 12.4849
60 12.4849
60 11.5146
60 11.2489
60 12.4727
60 13.8419
61 11.5146
61 12.4727
61 12.451
61 11.2489
61 13.7418
62 11.5146
62 12.451
62 12.4727
62 11.2489
62 13.7418
63 12.451
63 11.154
63 12.4727
63 11.1206
63 13.3756
64 12.451
64 11.154
64 11.1206
64 12.1166
64 12.3317
65 11.154
65 12.451
65 11.1206
65 12.362
65 12.1166
66 12.451
66 11.154
66 12.362
66 12.1166
66 11.1206
67 12.451
67 11.154
67 12.362
67 12.1166
67 11.1206
68 12.451
68 12.1166
68 11.154
68 12.362
68 11.1206
69 12.451
69 12.0869
69 11.154
69 12.362
69 11.1206
70 12.451
70 12.0869
70 11.154
70 12.362
70 11.1206
71 12.451
71 11.154
71 12.0869
71 12.362
71 11.1206
72 12.451
72 11.154
72 12.0869
72 11.8624
72 11.1206
73 12.3761
73 11.154
73 11.551
73 12.0869
73 11.1206
74 12.3761
74 11.154
74 12.0869
74 11.551
74 11.1206
75 11.7022
75 11.1013
75 12.3761
75 11.154
75 11.551
76 11.1013
76 11.551
76 11.0464
76 11.7022
76 12.3761
77 11.1013
77 11.0464
77 11.551
77 11.7022
77 12.3761
78 11.1013
78 11.0464
78 11.3925
78 12.3761
78 11.7022
79 11.1013
79 11.0464
79 12.3761
79 11.3925
79 11.7022
80 11.0464
80 11.3925
80 11.1013
80 12.3532
80 11.7022
81 11.0464
81 11.3925
81 11.1013
81 11.7022
81 12.3532
82 11.0464
82 11.3925
82 11.7022
82 12.3532
82 11.1013
83 11.0464
83 11.3506
83 11.7022
83 12.3532
83 11.1013
84 11.0464
84 11.3506
84 12.3532
84 11.7022
84 11.1013
85 11.0464
85 11.3506
85 11.7022
85 12.3532
85 11.1013
86 11.0464
86 11.3506
86 11.7022
86 12.2728
86 11.1013
87 11.0464
87 11.2326
87 12.2728
87 11.7022
87 11.1013
88 11.0464
88 11.1641
88 12.2728
88 11.7022
88 11.1013
89 11.0464
89 11.2326
89 12.2728
89 11.5933
89 11.1013
90 11.5933
90 11.0464
90 12.2728
90 11.1013
90 11.2326
91 11.5933
91 12.2728
91 11.0464
91 11.2326
91 11.1013
92 11.5933
92 12.2728
92 11.2326
92 11.1013
92 11.0464
93 11.0553
93 12.2728
93 11.4057
93 11.2326
93 11.0464
94 11.0553
94 11.4057
94 11.0464
94 12.2728
94 11.1641
95 12.2728
95 11.4057
95 11.0553
95 11.1641
95 11.0464
96 12.2728
96 11.4057
96 11.0553
96 11.1641
96 11.0464
97 12.2728
97 11.4057
97 11.0553
97 11.1641
97 11.0464
98 12.2728
98 11.4057
98 11.0553
98 11.1641
98 11.0464
99 12.2728
99 11.4057
99 11.0553
99 11.1641
99 11.0464
100 12.2728
100 11.4057
100 11.0553
100 11.1641
100 11.0464
101 11.4057
101 12.2728
101 11.0553
101 11.1641
101 11.0464
102 12.2384
102 11.4057
102 11.1641
102 11.0425
102 11.0464
103 11.4057
103 12.2384
103 11.0425
103 11.0464
103 11.1641
104 11.4057
104 11.982
104 11.0464
104 11.0425
104 11.1641
105 11.1641
105 11.0464
105 11.982
105 11.0425
105 11.4057
106 11.1641
106 11.0464
106 11.982
106 11.0425
106 11.4057
107 11.1641
107 11.0464
107 11.982
107 11.0425
107 11.4057
108 11.1641
108 11.9301
108 11.0464
108 11.0425
108 11.2145
109 11.1587
109 11.9301
109 11.0464
109 10.9607
109 11.2145
110 11.1587
110 11.8877
110 11.0464
110 10.9607
110 11.2145
111 11.1587
111 11.8877
111 11.0464
111 10.9607
111 11.2145
112 11.1587
112 11.8483
112 11.0464
112 10.9607
112 11.2145
113 11.1587
113 11.8483
113 11.0464
113 10.9607
113 10.4878
114 11.1587
114 11.0464
114 11.8483
114 10.9607
114 10.4878
115 11.1587
115 11.0464
115 11.8483
115 10.9607
115 10.4878
116 11.1438
116 11.0464
116 11.8483
116 10.9607
116 10.4878
117 11.1438
117 11.0464
117 11.8483
117 10.4878
117 10.9607
118 11.1438
118 11.0464
118 11.8483
118 10.9607
118 10.4878
119 11.1438
119 11.0464
119 11.8483
119 10.4878
119 10.9607
120 10.4878
120 11.0464
120 10.9607
120 11.8483
120 11.1175
121 10.4878
121 11.0464
121 11.1175
121 11.8483
121 10.9607
122 10.936
122 10.4878
122 11.8483
122 11.1175
122 10.9607
123 10.743
123 10.4878
123 11.1175
123 11.8483
123 10.8558
124 10.743
124 10.4878
124 11.8483
124 10.8558
124 11.1175
125 10.5775
125 10.4878
125 11.8483
125 10.8558
125 11.1175
126 10.743
126 10.4878
126 11.8483
126 10.8558
126 11.1175
127 10.743
127 10.4878
127 10.8558
127 11.1175
127 11.8483
128 10.743
128 10.4878
128 11.8483
128 10.8558
128 11.1175
129 10.743
129 10.4878
129 11.8483
129 10.8558
129 11.1175
130 11.8483
130 10.4241
130 10.4878
130 10.8558
130 11.1175
131 10.4241
131 11.8483
131 10.8558
131 10.4878
131 11.1175
132 10.4241
132 11.8483
132 10.4878
132 10.8558
132 11.1175
133 11.8483
133 10.4241
133 10.4878
133 10.8558
133 11.1175
134 11.8483
134 10.4241
134 10.4878
134 10.8558
134 11.1175
135 10.4878
135 10.8558
135 11.1175
135 11.8483
135 10.4241
136 11.1175
136 10.4878
136 10.8558
136 10.4241
136 11.8483
137 10.4878
137 10.8558
137 10.4241
137 11.1175
137 11.8483
138 11.1175
138 10.4878
138 10.8558
138 10.4241
138 11.8483
139 10.8558
139 11.1175
139 11.8483
139 10.4878
139 10.2811
140 10.8558
140 11.1175
140 11.8483
140 10.4647
140 10.2811
141 10.8558
141 11.1175
141 10.4567
141 11.8483
141 10.2811
142 10.8558
142 11.1175
142 10.4567
142 11.8483
142 10.2811
143 10.8558
143 11.1175
143 10.4567
143 10.2811
143 11.8483
144 10.8558
144 11.1175
144 10.4567
144 10.2811
144 11.8483
145 10.8558
145 10.9118
145 10.4567
145 11.8483
145 10.2811
146 10.4567
146 10.2811
146 10.8558
146 10.9118
146 11.8483
147 10.9118
147 10.4567
147 11.8483
147 10.8558
147 10.2811
148 10.4567
148 10.9118
148 10.2811
148 11.8483
148 10.8558
149 10.9118
149 10.4567
149 11.8483
149 10.8558
149 10.2811
150 10.4567
150 10.2811
150 11.8483
150 10.817
150 10.9118
151 11.8483
151 10.4567
151 10.9118
151 10.2811
151 10.817
152 11.8483
152 10.4567
152 10.2811
152 10.9118
152 10.817
153 11.8483
153 10.4567
153 10.9118
153 10.2811
153 10.817
154 11.8483
154 10.4567
154 10.9118
154 10.817
154 10.2811
155 11.8483
155 10.3392
155 10.9118
155 10.2811
155 10.817
156 11.8483
156 10.4567
156 10.2811
156 10.9118
156 10.817
157 11.7032
157 10.4567
157 10.817
157 10.2811
157 10.9118
158 10.4567
158 11.7032
158 10.2811
158 10.817
158 10.9118
159 10.4567
159 11.7032
159 10.9118
159 10.2811
159 10.817
160 10.4567
160 10.9118
160 11.7032
160 10.2811
160 10.817
161 10.4567
161 10.9118
161 10.2811
161 11.7032
161 10.817
162 10.9118
162 10.2811
162 10.817
162 10.4567
162 11.7032
163 10.9118
163 10.4567
163 10.2811
163 10.817
163 11.7032
164 10.9118
164 10.4567
164 10.2811
164 10.817
164 11.7032
165 10.4567
165 10.2811
165 10.817
165 10.9118
165 11.626
166 11.7032
166 10.4567
166 10.817
166 10.9118
166 10.2811
167 10.4567
167 11.7032
167 10.817
167 10.9118
167 10.2811
168 10.4567
168 11.7032
168 10.817
168 10.9118
168 10.2811
169 10.4567
169 11.7032
169 10.817
169 10.9118
169 10.2811
170 10.4567
170 10.817
170 11.7032
170 10.9118
170 10.2811
171 10.4567
171 11.7032
171 10.817
171 10.2811
171 10.9118
172 10.4567
172 11.7032
172 10.817
172 10.1521
172 10.7088
173 10.4567
173 11.7032
173 10.817
173 10.1521
173 10.7088
174 10.4567
174 11.7032
174 10.817
174 10.1521
174 10.7088
175 10.4567
175 10.1521
175 11.7032
175 10.817
175 10.7088
176 10.4567
176 11.7032
176 10.1521
176 10.817
176 10.7088
177 10.4567
177 11.7032
177 10.817
177 10.0335
177 10.6959
178 10.4567
178 11.7032
178 10.0335
178 10.817
178 10.6959
179 10.4567
179 11.7032
179 10.0335
179 10.817
179 10.6959
180 10.4567
180 11.7032
180 10.6959
180 10.0335
180 10.817
181 11.7032
181 10.0335
181 10.6959
181 10.4567
181 10.817
182 10.6959
182 11.7032
182 10.0335
182 10.4567
182 10.817
183 10.6959
183 10.4567
183 11.7032
183 10.817
183 10.0335
184 11.7032
184 10.4567
184 10.6959
184 10.817
184 10.0335
185 11.7032
185 10.6959
185 10.4567
185 10.817
185 10.0335
186 11.7032
186 10.6959
186 10.4567
186 10.817
186 10.0335
187 11.7032
187 10.4567
187 10.0335
187 10.6959
187 10.817
188 10.6959
188 10.4567
188 11.7032
188 10.0335
188 10.817
189 10.4567
189 11.7032
189 10.6959
189 10.0335
189 10.817
190 10.4567
190 11.7032
190 10.6959
190 10.0335
190 10.817
191 10.4567
191 11.7032
191 10.6959
191 10.817
191 10.0335
192 10.4567
192 11.7032
192 10.6959
192 10.0335
192 10.817
193 10.4567
193 11.7032
193 10.6959
193 10.0335
193 10.817
194 10.4567
194 11.7032
194 10.6959
194 10.0335
194 10.817
195 10.3033
195 11.7032
195 10.0335
195 10.6959
195 10.817
196 10.3033
196 11.7032
196 10.6959
196 10.817
196 10.0335
197 10.3033
197 11.6781
197 10.6959
197 10.817
197 10.0335
198 11.6781
198 10.6959
198 10.817
198 10.0335
198 10.3033
199 11.6781
199 10.6959
199 10.817
199 9.94255
199 10.3033
