0 30.9106
1 30.8342
2 25.566
3 25.1197
4 24.7469
5 24.6286
6 22.4808
7 21.5851
8 20.2197
9 18.3446
10 18.3446
11 17.7829
12 16.9808
13 16.8664
14 16.3691
15 16.0038
16 15.517
17 15.6072
18 15.6072
19 14.9467
20 15.4555
21 15.4555
22 15.4555
23 15.1238
24 15.1238
25 15.1238
26 15.1238
27 15.1238
28 15.1238
29 15.1238
30 15.0029
31 15.0029
32 15.0029
33 15.0029
34 15.0029
35 15.0029
36 15.0029
37 14.8185
38 14.7055
39 14.7055
40 14.6686
41 14.6686
42 14.4889
43 14.4889
44 14.4889
45 14.4889
46 14.4889
47 14.4746
48 14.4889
49 14.3261
50 14.3261
51 14.3261
52 14.3261
53 14.3261
54 14.3261
55 14.3261
56 14.3261
57 14.3261
58 14.0714
59 13.8419
60 13.8419
61 13.7418
62 13.7418
63 13.3756
64 12.3317
65 12.362
66 12.362
67 12.362
68 12.362
69 12.362
70 12.362
71 12.362
72 11.8624
73 11.551
74 11.551
75 11.551
76 11.551
77 11.551
78 11.3925
79 11.3925
80 11.3925
81 11.3925
82 11.3925
83 11.3506
84 11.3506
85 11.3506
86 11.3506
87 11.2326
88 11.1641
89 11.2326
90 11.2326
91 11.2326
92 11.2326
93 11.2326
94 11.1641
95 11.1641
96 11.1641
97 11.1641
98 11.1641
99 11.1641
100 11.1641
101 11.1641
102 11.1641
103 11.1641
104 11.1641
105 11.1641
106 11.1641
107 11.1641
108 11.1641
109 11.1587
110 11.1587
111 11.1587
112 11.1587
113 11.1587
114 11.1587
115 11.1587
116 11.1438
117 11.1438
118 11.1438
119 11.1438
120 11.1175
121 11.1175
122 11.1175
123 11.1175
124 11.1175
125 11.1175
126 11.1175
127 11.1175
128 11.1175
129 11.1175
130 11.1175
131 11.1175
132 11.1175
133 11.1175
134 11.1175
135 11.1175
136 11.1175
137 11.1175
138 11.1175
139 11.1175
140 11.1175
141 11.1175
142 11.1175
143 11.1175
144 11.1175
145 10.9118
146 10.9118
147 10.9118
148 10.9118
149 10.9118
150 10.9118
151 10.9118
152 10.9118
153 10.9118
154 10.9118
155 10.9118
156 10.9118
157 10.9118
158 10.9118
159 10.9118
160 10.9118
161 10.9118
162 10.9118
163 10.9118
164 10.9118
165 10.9118
166 10.9118
167 10.9118
168 10.9118
169 10.9118
170 10.9118
171 10.9118
172 10.7088
173 10.7088
174 10.7088
175 10.7088
176 10.7088
177 10.6959
178 10.6959
179 10.6959
180 10.6959
181 10.6959
182 10.6959
183 10.6959
184 10.6959
185 10.6959
186 10.6959
187 10.6959
188 10.6959
189 10.6959
190 10.6959
191 10.6959
192 10.6959
193 10.6959
194 10.6959
195 10.6959
196 10.6959
197 10.6959
198 10.6959
199 10.6959
