0 31.4562
1 26.7148
2 25.8234
3 23.5336
4 23.2736
5 22.1417
6 21.2113
7 21.1666
8 20.3916
9 20.3885
10 20.3885
11 19.8092
12 19.4518
13 17.7766
14 17.7766
15 17.2349
16 16.7518
17 16.6719
18 15.8959
19 15.4972
20 14.566
21 13.9362
22 13.9362
23 13.9362
24 13.9362
25 13.6556
26 13.6556
27 13.6556
28 13.6556
29 13.6527
30 13.3453
31 13.3453
32 13.3453
33 13.3453
34 13.3453
35 13.1609
36 13.1609
37 13.1609
38 13.0479
39 13.0479
40 13.0479
41 13.0479
42 13.0479
43 13.0479
44 12.9578
45 12.9578
46 12.9578
47 12.9578
48 12.7849
49 12.7849
50 12.7849
51 12.7849
52 12.66
53 12.4727
54 12.4727
55 12.4727
56 12.4727
57 12.4727
58 12.4727
59 12.4727
60 12.4727
61 12.4727
62 12.4727
63 12.4727
64 12.1166
65 12.1166
66 12.1166
67 12.1166
68 12.1166
69 12.0869
70 12.0869
71 12.0869
72 12.0869
73 12.0869
74 12.0869
75 11.7022
76 11.7022
77 11.7022
78 11.7022
79 11.7022
80 11.7022
81 11.7022
82 11.7022
83 11.7022
84 11.7022
85 11.7022
86 11.7022
87 11.7022
88 11.7022
89 11.5933
90 11.5933
91 11.5933
92 11.5933
93 11.4057
94 11.4057
95 11.4057
96 11.4057
97 11.4057
98 11.4057
99 11.4057
100 11.4057
101 11.4057
102 11.4057
103 11.4057
104 11.4057
105 11.4057
106 11.4057
107 11.4057
108 11.2145
109 11.2145
110 11.2145
111 11.2145
112 11.2145
113 10.4878
114 10.4878
115 10.4878
116 10.4878
117 10.4878
118 10.4878
119 10.4878
120 10.4878
121 10.4878
122 10.4878
123 10.4878
124 10.4878
125 10.4878
126 10.4878
127 10.4878
128 10.4878
129 10.4878
130 10.4878
131 10.4878
132 10.4878
133 10.4878
134 10.4878
135 10.4878
136 10.4878
137 10.4878
138 10.4878
139 10.4878
140 10.4647
141 10.4567
142 10.4567
143 10.4567
144 10.4567
145 10.4567
146 10.4567
147 10.4567
148 10.4567
149 10.4567
150 10.4567
151 10.4567
152 10.4567
153 10.4567
154 10.4567
155 10.3392
156 10.4567
157 10.4567
158 10.4567
159 10.4567
160 10.4567
161 10.4567
162 10.4567
163 10.4567
164 10.4567
165 10.4567
166 10.4567
167 10.4567
168 10.4567
169 10.4567
170 10.4567
171 10.4567
172 10.4567
173 10.4567
174 10.4567
175 10.4567
176 10.4567
177 10.4567
178 10.4567
179 10.4567
180 10.4567
181 10.4567
182 10.4567
183 10.4567
184 10.4567
185 10.4567
186 10.4567
187 10.4567
188 10.4567
189 10.4567
190 10.4567
191 10.4567
192 10.4567
193 10.4567
194 10.4567
195 10.3033
196 10.3033
197 10.3033
198 10.3033
199 10.3033
