0 28.6732
1 26.3374
2 26.1397
3 23.715
4 22.7022
5 21.2177
6 19.317
7 18.3029
8 17.3356
9 16.5912
10 16.5931
11 16.3186
12 15.5995
13 15.5995
14 15.0424
15 15.0424
16 15.0424
17 14.7187
18 14.5551
19 14.4259
20 14.4259
21 14.4259
22 14.2223
23 14.2223
24 14.2223
25 14.2223
26 14.1155
27 14.1155
28 13.9389
29 12.3603
30 12.2985
31 12.3603
32 12.2985
33 12.1857
34 12.1857
35 12.1857
36 12.1857
37 12.0182
38 11.9377
39 11.9377
40 11.9377
41 11.9377
42 11.8989
43 11.8989
44 11.8227
45 11.8227
46 11.7949
47 11.7949
48 11.7949
49 11.5525
50 11.5525
51 11.5525
52 11.5146
53 11.5146
54 11.5146
55 11.5146
56 11.5146
57 11.5146
58 11.5146
59 11.2137
60 11.5146
61 11.5146
62 11.5146
63 11.154
64 11.154
65 11.154
66 11.154
67 11.154
68 11.154
69 11.154
70 11.154
71 11.154
72 11.154
73 11.154
74 11.154
75 11.154
76 11.0464
77 11.0464
78 11.0464
79 11.0464
80 11.0464
81 11.0464
82 11.0464
83 11.0464
84 11.0464
85 11.0464
86 11.0464
87 11.0464
88 11.0464
89 11.0464
90 11.0464
91 11.0464
92 11.0464
93 11.0464
94 11.0464
95 11.0464
96 11.0464
97 11.0464
98 11.0464
99 11.0464
100 11.0464
101 11.0464
102 11.0464
103 11.0464
104 11.0464
105 11.0464
106 11.0464
107 11.0464
108 11.0464
109 11.0464
110 11.0464
111 11.0464
112 11.0464
113 11.0464
114 11.0464
115 11.0464
116 11.0464
117 11.0464
118 11.0464
119 11.0464
120 11.0464
121 11.0464
122 10.936
123 10.743
124 10.743
125 10.5775
126 10.743
127 10.743
128 10.743
129 10.743
130 10.4241
131 10.4241
132 10.4241
133 10.4241
134 10.4241
135 10.4241
136 10.4241
137 10.4241
138 10.4241
139 10.2811
140 10.2811
141 10.2811
142 10.2811
143 10.2811
144 10.2811
145 10.2811
146 10.2811
147 10.2811
148 10.2811
149 10.2811
150 10.2811
151 10.2811
152 10.2811
153 10.2811
154 10.2811
155 10.2811
156 10.2811
157 10.2811
158 10.2811
159 10.2811
160 10.2811
161 10.2811
162 10.2811
163 10.2811
164 10.2811
165 10.2811
166 10.2811
167 10.2811
168 10.2811
169 10.2811
170 10.2811
171 10.2811
172 10.1521
173 10.1521
174 10.1521
175 10.1521
176 10.1521
177 10.0335
178 10.0335
179 10.0335
180 10.0335
181 10.0335
182 10.0335
183 10.0335
184 10.0335
185 10.0335
186 10.0335
187 10.0335
188 10.0335
189 10.0335
190 10.0335
191 10.0335
192 10.0335
193 10.0335
194 10.0335
195 10.0335
196 10.0335
197 10.0335
198 10.0335
199 9.94255
