0 29.3833
1 26.7621
2 25.8385
3 25.7666
4 22.9711
5 22.9711
6 22.665
7 22.0227
8 20.7784
9 21.3465
10 19.0486
11 19.5737
12 19.3937
13 17.9822
14 17.495
15 17.4351
16 17.4351
17 17.2942
18 17.056
19 16.7987
20 16.7987
21 16.1398
22 15.1518
23 15.1518
24 15.1518
25 15.0471
26 15.0471
27 15.0471
28 15.0471
29 15.0471
30 15.0471
31 15.0471
32 15.0471
33 14.3714
34 14.3714
35 14.1953
36 13.696
37 13.5292
38 13.5726
39 13.6562
40 13.5545
41 13.5545
42 13.5545
43 13.5545
44 13.3601
45 13.3378
46 13.3237
47 12.9476
48 12.9476
49 12.9406
50 12.7604
51 12.7604
52 12.7027
53 12.608
54 12.608
55 12.608
56 12.608
57 12.5742
58 12.4849
59 12.4849
60 12.4849
61 12.451
62 12.451
63 12.451
64 12.451
65 12.451
66 12.451
67 12.451
68 12.451
69 12.451
70 12.451
71 12.451
72 12.451
73 12.3761
74 12.3761
75 12.3761
76 12.3761
77 12.3761
78 12.3761
79 12.3761
80 12.3532
81 12.3532
82 12.3532
83 12.3532
84 12.3532
85 12.3532
86 12.2728
87 12.2728
88 12.2728
89 12.2728
90 12.2728
91 12.2728
92 12.2728
93 12.2728
94 12.2728
95 12.2728
96 12.2728
97 12.2728
98 12.2728
99 12.2728
100 12.2728
101 12.2728
102 12.2384
103 12.2384
104 11.982
105 11.982
106 11.982
107 11.982
108 11.9301
109 11.9301
110 11.8877
111 11.8877
112 11.8483
113 11.8483
114 11.8483
115 11.8483
116 11.8483
117 11.8483
118 11.8483
119 11.8483
120 11.8483
121 11.8483
122 11.8483
123 11.8483
124 11.8483
125 11.8483
126 11.8483
127 11.8483
128 11.8483
129 11.8483
130 11.8483
131 11.8483
132 11.8483
133 11.8483
134 11.8483
135 11.8483
136 11.8483
137 11.8483
138 11.8483
139 11.8483
140 11.8483
141 11.8483
142 11.8483
143 11.8483
144 11.8483
145 11.8483
146 11.8483
147 11.8483
148 11.8483
149 11.8483
150 11.8483
151 11.8483
152 11.8483
153 11.8483
154 11.8483
155 11.8483
156 11.8483
157 11.7032
158 11.7032
159 11.7032
160 11.7032
161 11.7032
162 11.7032
163 11.7032
164 11.7032
165 11.626
166 11.7032
167 11.7032
168 11.7032
169 11.7032
170 11.7032
171 11.7032
172 11.7032
173 11.7032
174 11.7032
175 11.7032
176 11.7032
177 11.7032
178 11.7032
179 11.7032
180 11.7032
181 11.7032
182 11.7032
183 11.7032
184 11.7032
185 11.7032
186 11.7032
187 11.7032
188 11.7032
189 11.7032
190 11.7032
191 11.7032
192 11.7032
193 11.7032
194 11.7032
195 11.7032
196 11.7032
197 11.6781
198 11.6781
199 11.6781
