#     BLOCK:   VELOCITY:     AVE_POFV:       ERROR:
           1    0.113199     0.06525           0
           1    0.339598      0.4265           0
           1    0.565997     1.65875           0
           1    0.792396     1.88275           0
           1      1.0188       1.154           0
           1     1.24519     2.06175           0
           1     1.47159     2.99925           0
           1     1.69799       7.803           0
           1     1.92439     5.59875           0
           1     2.15079      7.3775           0
           1     2.37719      28.254           0
           1     2.60359     23.3665           0
           1     2.82999     8.44325           0
           1     3.05639       4.045           0
           1     3.28278     3.33975           0
           1     3.50918       2.696           0
           1     3.73558     2.54925           0
           1     3.96198     1.36775           0
           1     4.18838     1.56175           0
           1     4.41478     0.87775           0
           1     4.64118       0.252           0
           1     4.86758     0.18475           0
           1     5.09398     0.03475           0
           1     5.32037           0           0
           1     5.54677           0           0
           1     5.77317           0           0
           1     5.99957           0           0
           1     6.22597           0           0
           1     6.45237           0           0
           1     6.67877           0           0
           2    0.113199    0.133625   0.0483484
           2    0.339598    0.680125     0.17934
           2    0.565997      1.7005   0.0295217
           2    0.792396     3.74525     1.31699
           2      1.0188     3.45213     1.62502
           2     1.24519     4.43275     1.67655
           2     1.47159      4.7735     1.25458
           2     1.69799     8.44112    0.451223
           2     1.92439     6.65813    0.749091
           2     2.15079     8.55063    0.829525
           2     2.37719     19.0261     6.52509
           2     2.60359     16.8229     4.62704
           2     2.82999     7.93913     0.35647
           2     3.05639     4.13012   0.0601925
           2     3.28278      4.6915    0.955832
           2     3.50918      3.0165    0.226628
           2     3.73558     2.90437    0.251111
           2     3.96198     1.84075    0.334462
           2     4.18838       2.307    0.526971
           2     4.41478     0.89325   0.0109602
           2     4.64118    0.638375    0.273208
           2     4.86758    0.360125    0.124009
           2     5.09398       0.507    0.333931
           2     5.32037    0.168125    0.118882
           2     5.54677    0.159875    0.113049
           2     5.77317    0.027125   0.0191803
           2     5.99957           0           0
           2     6.22597           0           0
           2     6.45237           0           0
           2     6.67877           0           0
           3    0.113199    0.100417   0.0421203
           3    0.339598    0.757167    0.135098
           3    0.565997     1.81208   0.0932089
           3    0.792396      3.8305    0.880746
           3      1.0188     3.94008     1.15429
           3     1.24519     5.54467     1.43996
           3     1.47159     6.21025     1.44073
           3     1.69799      8.3045    0.320833
           3     1.92439      7.7135    0.995961
           3     2.15079     8.28367    0.594423
           3     2.37719     15.0942     5.40647
           3     2.60359     13.6927     4.00589
           3     2.82999     8.63658    0.617069
           3     3.05639     4.81942    0.564233
           3     3.28278     5.04533    0.699654
           3     3.50918     3.51942    0.437543
           3     3.73558     3.02325     0.19351
           3     3.96198     2.18917    0.361451
           3     4.18838     2.21375     0.35947
           3     4.41478     1.01175   0.0970304
           3     4.64118     0.67725    0.184884
           3     4.86758    0.600167    0.212716
           3     5.09398    0.608167    0.237451
           3     5.32037     0.18625   0.0806247
           3     5.54677    0.148583   0.0759276
           3     5.77317   0.0371667   0.0151897
           3     5.99957           0           0
           3     6.22597           0           0
           3     6.45237           0           0
           3     6.67877           0           0
           4    0.113199     0.09275   0.0322804
           4    0.339598    0.690312    0.116699
           4    0.565997     1.68312    0.131756
           4    0.792396     3.72494    0.666855
           4      1.0188     4.48263       0.985
           4     1.24519     5.80931     1.10402
           4     1.47159     6.59456     1.13065
           4     1.69799     8.22344    0.250657
           4     1.92439        7.99    0.784414
           4     2.15079     8.72712    0.588425
           4     2.37719     14.0663     4.15142
           4     2.60359     12.6339     3.14123
           4     2.82999     8.36575    0.518844
           4     3.05639     5.10994     0.49232
           4     3.28278     4.76581    0.577886
           4     3.50918      3.9285    0.482907
           4     3.73558       3.205    0.214099
           4     3.96198     2.25113    0.276348
           4     4.18838     2.11031    0.284095
           4     4.41478     1.06725   0.0872127
           4     4.64118     0.87675    0.221535
           4     4.86758    0.756812    0.209417
           4     5.09398    0.507812    0.198163
           4     5.32037     0.19575   0.0610257
           4     5.54677    0.112937   0.0647749
           4     5.77317    0.027875   0.0139476
           4     5.99957           0           0
           4     6.22597           0           0
           4     6.45237           0           0
           4     6.67877           0           0
           5    0.113199      0.0859   0.0265412
           5    0.339598     0.61815    0.113498
           5    0.565997        1.65     0.10949
           5    0.792396     3.71255    0.533599
           5      1.0188      4.7886     0.83417
           5     1.24519      6.1817    0.943935
           5     1.47159      7.3271     1.11689
           5     1.69799     8.29885    0.211566
           5     1.92439      8.0767    0.632304
           5     2.15079     8.68685    0.472117
           5     2.37719     12.8083     3.50655
           5     2.60359     11.2734      2.7921
           5     2.82999      7.7591    0.683159
           5     3.05639       5.554    0.559353
           5     3.28278      5.3891    0.724237
           5     3.50918     4.28295    0.499755
           5     3.73558     3.43945    0.270758
           5     3.96198     2.49175    0.308538
           5     4.18838      1.9726    0.258508
           5     4.41478      1.1091   0.0791771
           5     4.64118      0.9093    0.179603
           5     4.86758     0.68175    0.180485
           5     5.09398      0.5565    0.164403
           5     5.32037      0.2104   0.0505484
           5     5.54677     0.11355   0.0518228
           5     5.77317      0.0223   0.0122216
           5     5.99957           0           0
           5     6.22597           0           0
           5     6.45237           0           0
           5     6.67877           0           0
           6    0.113199   0.0755417   0.0240542
           6    0.339598    0.694792    0.117646
           6    0.565997     1.69596    0.100425
           6    0.792396     3.63671    0.450024
           6      1.0188     4.95962    0.712458
           6     1.24519     6.33342    0.798712
           6     1.47159     7.40992    0.933806
           6     1.69799     8.16146    0.216365
           6     1.92439     8.06954    0.526961
           6     2.15079     8.89937    0.438665
           6     2.37719       11.78     3.06921
           6     2.60359     10.6384     2.39789
           6     2.82999       8.004    0.611622
           6     3.05639       5.578    0.466642
           6     3.28278     5.68737     0.66211
           6     3.50918     4.54508    0.480315
           6     3.73558     3.91221    0.486991
           6     3.96198     2.54567    0.261784
           6     4.18838     2.01779    0.219338
           6     4.41478     1.14138   0.0722603
           6     4.64118    0.824542    0.168486
           6     4.86758    0.584875    0.174477
           6     5.09398     0.46875    0.158702
           6     5.32037    0.176583   0.0522243
           6     5.54677    0.119375   0.0435118
           6     5.77317   0.0307083   0.0127532
           6     5.99957       0.009  0.00821584
           6     6.22597           0           0
           6     6.45237           0           0
           6     6.67877           0           0
           7    0.113199     0.07125   0.0209972
           7    0.339598    0.683929     0.10134
           7    0.565997     1.62686    0.107249
           7    0.792396     3.53139    0.397867
           7      1.0188     4.98921    0.611293
           7     1.24519     6.60479    0.729255
           7     1.47159     7.48964    0.803801
           7     1.69799     8.05832    0.208594
           7     1.92439     8.26346    0.486055
           7     2.15079     9.13354    0.434019
           7     2.37719     11.3509     2.66058
           7     2.60359     10.4693     2.06129
           7     2.82999     8.01021    0.524279
           7     3.05639     5.70521    0.416959
           7     3.28278     5.66629    0.567858
           7     3.50918     4.48646     0.41526
           7     3.73558     3.83304    0.423808
           7     3.96198      2.4965    0.228957
           7     4.18838     1.92264    0.207618
           7     4.41478     1.13086   0.0626982
           7     4.64118      1.0795    0.276719
           7     4.86758    0.558821    0.151484
           7     5.09398    0.493286    0.137914
           7     5.32037    0.208286    0.053528
           7     5.54677    0.102321   0.0405001
           7     5.77317   0.0263214   0.0116614
           7     5.99957  0.00771429  0.00714204
           7     6.22597           0           0
           7     6.45237           0           0
           7     6.67877           0           0
           8    0.113199   0.0670625   0.0187855
           8    0.339598    0.653563    0.093111
           8    0.565997     1.60638   0.0957786
           8    0.792396     3.32581    0.397715
           8      1.0188     4.71209    0.594386
           8     1.24519     6.36331    0.676897
           8     1.47159     7.53722    0.704733
           8     1.69799     8.41731    0.382202
           8     1.92439     8.69334    0.585299
           8     2.15079     9.47575    0.496684
           8     2.37719     11.2444     2.33013
           8     2.60359     10.1112     1.83447
           8     2.82999     8.18825    0.488038
           8     3.05639     5.68181    0.365495
           8     3.28278     5.76231     0.50493
           8     3.50918     4.44791    0.365138
           8     3.73558     3.69456    0.392803
           8     3.96198     2.43069    0.209582
           8     4.18838     1.99713    0.194568
           8     4.41478     1.15822   0.0605375
           8     4.64118     1.05244    0.243449
           8     4.86758    0.532937    0.134742
           8     5.09398    0.449312    0.127493
           8     5.32037    0.236063   0.0535613
           8     5.54677    0.121687   0.0397993
           8     5.77317   0.0304062   0.0108957
           8     5.99957    0.008875   0.0063429
           8     6.22597           0           0
           8     6.45237           0           0
           8     6.67877           0           0
           9    0.113199     0.06975   0.0168893
           9    0.339598    0.628556   0.0860579
           9    0.565997     1.52983    0.111606
           9    0.792396     3.21214    0.369412
           9      1.0188     4.66119    0.530518
           9     1.24519     6.30944    0.603826
           9     1.47159     7.83242    0.685473
           9     1.69799     8.59756    0.379866
           9     1.92439     8.69481    0.520268
           9     2.15079     9.30994    0.468355
           9     2.37719     11.0616     2.07839
           9     2.60359     10.0941     1.63072
           9     2.82999     8.24742    0.437383
           9     3.05639     5.89178    0.380443
           9     3.28278     5.81456    0.451521
           9     3.50918     4.37069    0.332631
           9     3.73558     3.57942    0.365646
           9     3.96198     2.50156    0.197915
           9     4.18838       1.956    0.177242
           9     4.41478     1.21847   0.0782479
           9     4.64118     1.06681    0.216823
           9     4.86758    0.548722    0.120692
           9     5.09398       0.417     0.11735
           9     5.32037    0.211167   0.0530816
           9     5.54677    0.114306   0.0360553
           9     5.77317   0.0394167   0.0128828
           9     5.99957   0.0213611   0.0130525
           9     6.22597           0           0
           9     6.45237           0           0
           9     6.67877           0           0
          10    0.113199    0.063875     0.01619
          10    0.339598     0.63755   0.0779207
          10    0.565997     1.60638    0.123944
          10    0.792396      3.2521    0.334626
          10      1.0188     4.49808    0.501917
          10     1.24519      6.1969    0.553832
          10     1.47159     7.98722    0.634166
          10     1.69799     8.62622    0.342959
          10     1.92439     8.94615    0.525458
          10     2.15079     9.16863    0.442326
          10     2.37719     11.1336      1.8718
          10     2.60359     10.1356     1.46818
          10     2.82999     8.16162    0.401971
          10     3.05639     5.86095    0.343646
          10     3.28278     5.63217     0.44167
          10     3.50918     4.39113    0.299995
          10     3.73558      3.5022    0.337136
          10     3.96198     2.53465    0.180869
          10     4.18838     1.94922    0.159647
          10     4.41478     1.26308   0.0821577
          10     4.64118     1.01402    0.201462
          10     4.86758    0.559225    0.109079
          10     5.09398    0.381625    0.110819
          10     5.32037     0.28865   0.0876675
          10     5.54677     0.14985    0.046798
          10     5.77317      0.0401   0.0116127
          10     5.99957    0.019225   0.0119208
          10     6.22597           0           0
          10     6.45237           0           0
          10     6.67877           0           0
          11    0.113199   0.0610455   0.0149634
          11    0.339598    0.644841   0.0711773
          11    0.565997     1.63752    0.116524
          11    0.792396     3.30168    0.307856
          11      1.0188     4.48727    0.456405
          11     1.24519      6.1615    0.504614
          11     1.47159     8.08991    0.584768
          11     1.69799     8.76393      0.3383
          11     1.92439     9.17989    0.527118
          11     2.15079      9.1592    0.402215
          11     2.37719     10.7763     1.73538
          11     2.60359     9.96457     1.34463
          11     2.82999     8.12566    0.367033
          11     3.05639     5.80702    0.316608
          11     3.28278      5.5682    0.406124
          11     3.50918     4.34773    0.275844
          11     3.73558     3.52495    0.307254
          11     3.96198     2.59018    0.172741
          11     4.18838      1.9495    0.145134
          11     4.41478     1.38652      0.1394
          11     4.64118      1.0058    0.183316
          11     4.86758    0.560386   0.0991685
          11     5.09398    0.381659    0.100744
          11     5.32037    0.276091   0.0805923
          11     5.54677    0.148477   0.0425638
          11     5.77317   0.0709091   0.0312147
          11     5.99957   0.0292045   0.0144215
          11     6.22597           0           0
          11     6.45237           0           0
          11     6.67877           0           0
          12    0.113199   0.0567083   0.0143312
          12    0.339598    0.650667   0.0654839
          12    0.565997      1.5999    0.112725
          12    0.792396     3.28723    0.282541
          12      1.0188     4.46485    0.418921
          12     1.24519     6.15988    0.462565
          12     1.47159     8.05235    0.537242
          12     1.69799     8.95708    0.361062
          12     1.92439     9.07298    0.493913
          12     2.15079     9.30929     0.39571
          12     2.37719     10.6768     1.59362
          12     2.60359     9.74983     1.24961
          12     2.82999      8.3459    0.397063
          12     3.05639      5.9585    0.324443
          12     3.28278     5.48527    0.380654
          12     3.50918     4.35796    0.253046
          12     3.73558     3.43873    0.293499
          12     3.96198     2.54037    0.165371
          12     4.18838     1.89331    0.143504
          12     4.41478     1.32456    0.140882
          12     4.64118       1.074    0.180281
          12     4.86758    0.605333    0.100576
          12     5.09398    0.404917   0.0949956
          12     5.32037    0.292063   0.0754423
          12     5.54677    0.145792   0.0391014
          12     5.77317   0.0689375   0.0286757
          12     5.99957   0.0267708   0.0134235
          12     6.22597           0           0
          12     6.45237           0           0
          12     6.67877           0           0
          13    0.113199   0.0790192    0.025189
          13    0.339598    0.735058    0.101133
          13    0.565997      1.6156    0.105142
          13    0.792396     3.30088    0.261137
          13      1.0188     4.45946    0.386731
          13     1.24519     6.04671    0.440608
          13     1.47159     7.88717     0.52069
          13     1.69799      9.0351    0.341612
          13     1.92439     9.15165    0.462144
          13     2.15079     9.41146    0.378231
          13     2.37719     10.6905     1.47109
          13     2.60359     9.60488     1.16186
          13     2.82999     8.18985    0.395999
          13     3.05639     6.07802    0.320746
          13     3.28278     5.52444    0.353383
          13     3.50918     4.41288    0.239468
          13     3.73558     3.42383      0.2713
          13     3.96198     2.52285    0.153576
          13     4.18838     1.85277    0.138074
          13     4.41478     1.25867    0.144634
          13     4.64118     1.10785    0.169561
          13     4.86758    0.689769    0.123289
          13     5.09398     0.40375   0.0876954
          13     5.32037    0.293615    0.069655
          13     5.54677    0.134712   0.0376308
          13     5.77317   0.0638269   0.0269214
          13     5.99957   0.0256346   0.0124389
          13     6.22597           0           0
          13     6.45237           0           0
          13     6.67877           0           0
          14    0.113199         0.1   0.0309166
          14    0.339598    0.729661   0.0940528
          14    0.565997     1.68225    0.116865
          14    0.792396     3.31775    0.243028
          14      1.0188     4.46561    0.359156
          14     1.24519     6.09704       0.412
          14     1.47159     7.91261    0.484119
          14     1.69799     8.83275    0.372347
          14     1.92439     9.17761    0.429861
          14     2.15079     9.32648    0.360634
          14     2.37719      10.549     1.37281
          14     2.60359     9.52455     1.08165
          14     2.82999     8.26829    0.375401
          14     3.05639     6.21279    0.324916
          14     3.28278     5.61496    0.339537
          14     3.50918     4.44354    0.224316
          14     3.73558     3.51286    0.266129
          14     3.96198     2.62336    0.172387
          14     4.18838     1.79596    0.139408
          14     4.41478     1.19196    0.148895
          14     4.64118     1.03732     0.17149
          14     4.86758    0.641125    0.123707
          14     5.09398    0.375625   0.0858231
          14     5.32037    0.284518   0.0652711
          14     5.54677    0.136214   0.0349728
          14     5.77317   0.0746964   0.0271041
          14     5.99957   0.0556786   0.0311701
          14     6.22597   0.0157857   0.0152115
          14     6.45237           0           0
          14     6.67877           0           0
          15    0.113199   0.0963833   0.0290662
          15    0.339598    0.728567   0.0877889
          15    0.565997     1.69555    0.109828
          15    0.792396     3.36815    0.231993
          15      1.0188     4.62833    0.370246
          15     1.24519     6.16462    0.390037
          15     1.47159     7.84117    0.457085
          15     1.69799     8.89485    0.352664
          15     1.92439      9.0863    0.410787
          15     2.15079     9.15525    0.375047
          15     2.37719     10.4876     1.28266
          15     2.60359     9.35278     1.02308
          15     2.82999      8.3319    0.355724
          15     3.05639     6.29387    0.313208
          15     3.28278     5.63535    0.317513
          15     3.50918      4.4303    0.209752
          15     3.73558     3.56355    0.253169
          15     3.96198     2.59463     0.16327
          15     4.18838     1.81837    0.131902
          15     4.41478     1.17387    0.140064
          15     4.64118     1.03823     0.16006
          15     4.86758    0.682267     0.12211
          15     5.09398      0.3917   0.0815931
          15     5.32037    0.275083   0.0615978
          15     5.54677      0.1331   0.0327797
          15     5.77317      0.0715   0.0254849
          15     5.99957   0.0519667   0.0293123
          15     6.22597   0.0147333   0.0142338
          15     6.45237           0           0
          15     6.67877           0           0
          16    0.113199   0.0911406   0.0277184
          16    0.339598    0.765937   0.0899051
          16    0.565997     1.72669    0.107287
          16    0.792396     3.32408     0.22164
          16      1.0188     4.63297    0.347134
          16     1.24519     6.08469     0.37376
          16     1.47159      7.7853    0.431918
          16     1.69799     8.96392    0.337319
          16     1.92439     9.15733    0.391205
          16     2.15079     9.21902    0.356986
          16     2.37719     10.3468     1.21019
          16     2.60359     9.48802    0.968038
          16     2.82999     8.22525    0.349113
          16     3.05639      6.3105    0.294074
          16     3.28278     5.62841    0.297744
          16     3.50918     4.45963    0.198682
          16     3.73558       3.523    0.240572
          16     3.96198     2.61927    0.154913
          16     4.18838     1.80881    0.124003
          16     4.41478     1.19336    0.132659
          16     4.64118     1.01416    0.151856
          16     4.86758    0.659906    0.116507
          16     5.09398    0.414469    0.079607
          16     5.32037    0.270328   0.0579312
          16     5.54677    0.133266   0.0307314
          16     5.77317   0.0855781   0.0275071
          16     5.99957   0.0535156   0.0275212
          16     6.22597   0.0141875   0.0133546
          16     6.45237  0.00046875 0.000453865
          16     6.67877           0           0
          17    0.113199   0.0888676   0.0261809
          17    0.339598    0.764544   0.0846274
          17    0.565997     1.74159    0.102005
          17    0.792396     3.29607    0.210365
          17      1.0188     4.63731    0.326742
          17     1.24519     6.21737    0.374584
          17     1.47159     7.72751    0.410358
          17     1.69799     8.96751    0.317496
          17     1.92439     9.20829    0.371498
          17     2.15079     9.22262    0.336005
          17     2.37719     10.3187     1.13933
          17     2.60359     9.44554    0.912026
          17     2.82999      8.1771     0.33188
          17     3.05639     6.27104     0.27941
          17     3.28278     5.53872    0.293427
          17     3.50918     4.51346     0.19415
          17     3.73558     3.55587    0.228655
          17     3.96198      2.6054     0.14642
          17     4.18838     1.83663    0.119789
          17     4.41478     1.21125    0.126056
          17     4.64118    0.996632    0.143931
          17     4.86758    0.661779    0.109669
          17     5.09398    0.426971   0.0758996
          17     5.32037    0.283088   0.0559111
          17     5.54677    0.138632   0.0293885
          17     5.77317   0.0833382     0.02598
          17     5.99957   0.0503676   0.0260817
          17     6.22597   0.0133529   0.0125951
          17     6.45237 0.000441176 0.000428004
          17     6.67877           0           0
          18    0.113199   0.0868194   0.0248064
          18    0.339598    0.742944   0.0826364
          18    0.565997     1.78582    0.105493
          18    0.792396     3.37068    0.211494
          18      1.0188       4.697    0.313995
          18     1.24519     6.19714     0.35432
          18     1.47159     7.77265    0.390035
          18     1.69799     8.81231    0.335657
          18     1.92439      9.0735    0.374516
          18     2.15079     9.19392    0.318561
          18     2.37719     10.3483     1.07642
          18     2.60359     9.47494    0.861831
          18     2.82999     8.11842    0.318589
          18     3.05639     6.35303    0.275653
          18     3.28278     5.54731    0.277251
          18     3.50918     4.53403    0.184451
          18     3.73558     3.59269    0.218897
          18     3.96198     2.59374    0.138749
          18     4.18838     1.83814    0.113144
          18     4.41478     1.23129    0.120636
          18     4.64118    0.978486    0.137074
          18     4.86758    0.643583    0.105075
          18     5.09398    0.440778    0.072928
          18     5.32037    0.289444    0.053165
          18     5.54677    0.141931   0.0279403
          18     5.77317   0.0805139   0.0246898
          18     5.99957   0.0475694   0.0247824
          18     6.22597   0.0126111   0.0119172
          18     6.45237 0.000416667 0.000404927
          18     6.67877           0           0
          19    0.113199   0.0837368   0.0236916
          19    0.339598    0.715645   0.0826736
          19    0.565997     1.71745     0.12007
          19    0.792396     3.37062    0.200363
          19      1.0188     4.69962    0.297479
          19     1.24519     6.23938     0.33818
          19     1.47159      7.8118    0.371467
          19     1.69799     8.77601    0.319947
          19     1.92439     9.02147      0.3584
          19     2.15079     9.24412    0.305725
          19     2.37719     10.3648      1.0199
          19     2.60359     9.44536     0.81698
          19     2.82999     8.12483    0.301885
          19     3.05639     6.34711    0.261208
          19     3.28278     5.56343    0.263127
          19     3.50918     4.59096    0.183319
          19     3.73558     3.60274    0.207606
          19     3.96198      2.5668    0.134035
          19     4.18838     1.82301    0.108195
          19     4.41478     1.23911     0.11454
          19     4.64118       0.963    0.130731
          19     4.86758    0.715513    0.121699
          19     5.09398    0.431092   0.0697299
          19     5.32037    0.274211    0.052504
          19     5.54677    0.134461   0.0274502
          19     5.77317   0.0762763   0.0237512
          19     5.99957   0.0450658   0.0236042
          19     6.22597   0.0119474   0.0113084
          19     6.45237 0.000394737 0.000384209
          19     6.67877           0           0
          20    0.113199   0.0802125   0.0227676
          20    0.339598      0.7177   0.0785654
          20    0.565997     1.68431    0.118551
          20    0.792396     3.36321    0.190482
          20      1.0188      4.6916    0.282714
          20     1.24519      6.2783    0.323503
          20     1.47159     7.82401    0.353094
          20     1.69799     8.74875    0.305109
          20     1.92439      9.1112    0.351532
          20     2.15079     9.19422    0.294482
          20     2.37719     10.2704     0.97326
          20     2.60359     9.41617    0.776652
          20     2.82999      8.1747    0.290881
          20     3.05639     6.31224    0.250464
          20     3.28278      5.6204    0.256063
          20     3.50918     4.63186    0.178658
          20     3.73558     3.61101    0.197391
          20     3.96198     2.58506    0.128571
          20     4.18838     1.82589    0.102823
          20     4.41478     1.24765    0.109131
          20     4.64118    0.966562    0.124243
          20     4.86758    0.706775    0.115928
          20     5.09398     0.41835   0.0673975
          20     5.32037    0.264625   0.0507463
          20     5.54677    0.127737   0.0268884
          20     5.77317   0.0724625   0.0228678
          20     5.99957   0.0428125   0.0225313
          20     6.22597     0.01135   0.0107588
          20     6.45237    0.000375 0.000365505
          20     6.67877           0           0
          21    0.113199   0.0765952   0.0219689
          21    0.339598    0.686488   0.0807865
          21    0.565997     1.64789    0.118367
          21    0.792396     3.37762    0.181955
          21      1.0188     4.72552    0.271279
          21     1.24519     6.20587    0.316102
          21     1.47159      7.8282    0.336305
          21     1.69799      8.7679    0.291181
          21     1.92439     9.13479    0.335583
          21     2.15079     9.27527    0.291399
          21     2.37719     10.2384     0.92744
          21     2.60359     9.45737     0.74076
          21     2.82999      8.1384    0.279285
          21     3.05639     6.31154    0.238538
          21     3.28278     5.58483    0.246327
          21     3.50918     4.63533    0.170184
          21     3.73558     3.64612    0.191088
          21     3.96198      2.6123      0.1253
          21     4.18838     1.83962   0.0988397
          21     4.41478     1.27398    0.107062
          21     4.64118    0.962988    0.118378
          21     4.86758    0.679512    0.113568
          21     5.09398    0.398798   0.0669642
          21     5.32037    0.252024   0.0498698
          21     5.54677    0.121655    0.026287
          21     5.77317   0.0690119   0.0220376
          21     5.99957   0.0407738   0.0215504
          21     6.22597   0.0108095     0.01026
          21     6.45237 0.000357143 0.000348536
          21     6.67877           0           0
          22    0.113199   0.0762614   0.0209729
          22    0.339598    0.676011   0.0777907
          22    0.565997     1.67624    0.116332
          22    0.792396     3.34036    0.177457
          22      1.0188      4.6782    0.263042
          22     1.24519      6.1534    0.306058
          22     1.47159      7.7543    0.329039
          22     1.69799     8.75833    0.278103
          22     1.92439     9.16813    0.321981
          22     2.15079     9.29444    0.278783
          22     2.37719     10.2216    0.885436
          22     2.60359     9.52817    0.710465
          22     2.82999      8.1395    0.266592
          22     3.05639     6.30925    0.227707
          22     3.28278     5.68747    0.255619
          22     3.50918     4.73745    0.190641
          22     3.73558     3.65331    0.182537
          22     3.96198     2.61985    0.119832
          22     4.18838     1.84072   0.0943531
          22     4.41478     1.25569    0.103745
          22     4.64118    0.928886    0.117807
          22     4.86758    0.649591    0.112278
          22     5.09398     0.38067   0.0663285
          22     5.32037    0.240568   0.0489011
          22     5.54677    0.116125   0.0256672
          22     5.77317    0.065875    0.021258
          22     5.99957   0.0389205   0.0206504
          22     6.22597   0.0103182  0.00980542
          22     6.45237 0.000340909 0.000333071
          22     6.67877           0           0
          23    0.113199   0.0729457   0.0203214
          23    0.339598    0.656196    0.076891
          23    0.565997     1.66891    0.111504
          23    0.792396     3.27215    0.182381
          23      1.0188     4.61035    0.260211
          23     1.24519     6.07943    0.301556
          23     1.47159     7.79434     0.31716
          23     1.69799     8.72749    0.267716
          23     1.92439     9.11191     0.31285
          23     2.15079     9.35408    0.272966
          23     2.37719     10.2855     0.84924
          23     2.60359     9.69738    0.699435
          23     2.82999     8.20537    0.263013
          23     3.05639     6.37247    0.226412
          23     3.28278     5.68948    0.244513
          23     3.50918      4.6909     0.18795
          23     3.73558     3.64518    0.174781
          23     3.96198     2.63113    0.115152
          23     4.18838      1.8044   0.0969874
          23     4.41478     1.28192    0.102497
          23     4.64118    0.901391    0.115849
          23     4.86758    0.623272    0.110438
          23     5.09398    0.369707   0.0643445
          23     5.32037    0.232446   0.0474447
          23     5.54677    0.111207    0.025018
          23     5.77317   0.0630109   0.0205258
          23     5.99957   0.0372283   0.0198217
          23     6.22597  0.00986957  0.00938935
          23     6.45237 0.000326087 0.000318919
          23     6.67877           0           0
          24    0.113199     0.07075   0.0195929
          24    0.339598    0.652229   0.0737894
          24    0.565997     1.67399    0.106974
          24    0.792396     3.24898    0.176248
          24      1.0188     4.59071    0.250109
          24     1.24519     6.10014    0.289701
          24     1.47159     7.78997    0.303975
          24     1.69799     8.70277      0.2577
          24     1.92439     9.15775    0.303154
          24     2.15079     9.31523    0.264342
          24     2.37719     10.2617    0.814188
          24     2.60359     9.77198    0.674258
          24     2.82999     8.22817     0.25304
          24     3.05639     6.38472    0.217309
          24     3.28278     5.69135    0.234332
          24     3.50918     4.69175    0.180121
          24     3.73558     3.61111    0.170787
          24     3.96198      2.6186    0.111033
          24     4.18838     1.77798   0.0964784
          24     4.41478     1.32035    0.105184
          24     4.64118    0.912677    0.111571
          24     4.86758    0.625156    0.105853
          24     5.09398    0.366781   0.0617299
          24     5.32037     0.22276   0.0464459
          24     5.54677    0.106573   0.0244009
          24     5.77317   0.0603854   0.0198377
          24     5.99957   0.0356771   0.0190564
          24     6.22597  0.00945833  0.00900713
          24     6.45237   0.0003125  0.00030592
          24     6.67877           0           0
          25    0.113199     0.06823   0.0189706
          25    0.339598     0.64952   0.0708876
          25    0.565997     1.66631     0.10297
          25    0.792396     3.22574    0.170723
          25      1.0188     4.61339    0.241131
          25     1.24519     6.11466    0.278476
          25     1.47159     7.72748     0.29817
          25     1.69799     8.81547    0.270916
          25     1.92439      9.2229    0.297946
          25     2.15079     9.39284    0.264917
          25     2.37719     10.2237    0.782507
          25     2.60359     9.66843    0.655191
          25     2.82999     8.16334    0.251085
          25     3.05639     6.45297    0.219073
          25     3.28278     5.60284    0.241097
          25     3.50918     4.68269    0.173144
          25     3.73558     3.60429    0.164092
          25     3.96198     2.62952    0.107127
          25     4.18838     1.78828   0.0931676
          25     4.41478     1.31442    0.101144
          25     4.64118     0.90919    0.107162
          25     4.86758     0.64982    0.104452
          25     5.09398     0.37949   0.0605548
          25     5.32037     0.21756   0.0448782
          25     5.54677     0.10489   0.0234828
          25     5.77317     0.06496   0.0195646
          25     5.99957     0.03652   0.0183128
          25     6.22597     0.01026  0.00868245
          25     6.45237      0.0003 0.000293939
          25     6.67877           0           0
          26    0.113199   0.0686538   0.0182457
          26    0.339598    0.643971   0.0683779
          26    0.565997     1.66295   0.0990643
          26    0.792396     3.20842    0.165033
          26      1.0188     4.60359    0.232056
          26     1.24519     6.13126     0.26826
          26     1.47159     7.75189      0.2877
          26     1.69799      8.8305    0.260913
          26     1.92439     9.22963    0.286563
          26     2.15079     9.43287    0.257733
          26     2.37719     10.1344    0.757484
          26     2.60359     9.64527      0.6304
          26     2.82999     8.17228    0.241587
          26     3.05639     6.48753    0.213355
          26     3.28278     5.62638    0.232971
          26     3.50918     4.67199    0.166815
          26     3.73558     3.57021    0.161281
          26     3.96198     2.61809    0.103615
          26     4.18838     1.80313   0.0907607
          26     4.41478     1.32825   0.0981951
          26     4.64118    0.898317    0.103591
          26     4.86758    0.678154    0.104207
          26     5.09398    0.377106   0.0582727
          26     5.32037    0.216538   0.0431638
          26     5.54677    0.100856   0.0229236
          26     5.77317   0.0624615   0.0189709
          26     5.99957   0.0351154   0.0176622
          26     6.22597  0.00986538  0.00835747
          26     6.45237 0.000288462  0.00028286
          26     6.67877           0           0
          27    0.113199   0.0675648   0.0176024
          27    0.339598     0.65737   0.0671454
          27    0.565997     1.71281    0.107208
          27    0.792396     3.19403    0.159547
          27      1.0188     4.62655    0.224594
          27     1.24519     6.20188    0.267459
          27     1.47159     7.69138    0.283337
          27     1.69799     8.75965    0.260692
          27     1.92439      9.2429    0.276256
          27     2.15079     9.40324    0.249884
          27     2.37719     10.0893    0.730771
          27     2.60359     9.59235    0.609269
          27     2.82999     8.22556    0.238444
          27     3.05639     6.50274    0.205995
          27     3.28278     5.64581    0.225151
          27     3.50918     4.69502    0.162218
          27     3.73558     3.58323    0.155832
          27     3.96198      2.5925    0.102888
          27     4.18838     1.78124   0.0900011
          27     4.41478     1.36273     0.10043
          27     4.64118    0.902398   0.0998343
          27     4.86758     0.67625    0.100365
          27     5.09398    0.369787   0.0565722
          27     5.32037     0.21562   0.0415749
          27     5.54677    0.104324   0.0223354
          27     5.77317   0.0601481   0.0184088
          27     5.99957   0.0338148   0.0170559
          27     6.22597      0.0095  0.00805592
          27     6.45237 0.000277778 0.000272585
          27     6.67877           0           0
          28    0.113199   0.0675536   0.0169737
          28    0.339598    0.662902   0.0649748
          28    0.565997     1.71228    0.103381
          28    0.792396     3.21251    0.154916
          28      1.0188     4.62761    0.216575
          28     1.24519     6.20159    0.257907
          28     1.47159     7.66173    0.274764
          28     1.69799      8.7197    0.254425
          28     1.92439     9.30137    0.272507
          28     2.15079     9.40471    0.240964
          28     2.37719     10.0529    0.705577
          28     2.60359     9.62457    0.588361
          28     2.82999     8.24227    0.230512
          28     3.05639     6.47585    0.200386
          28     3.28278     5.57551    0.227823
          28     3.50918     4.71974    0.158297
          28     3.73558     3.59646    0.150827
          28     3.96198     2.61234    0.101108
          28     4.18838     1.81179   0.0918268
          28     4.41478     1.35208   0.0974064
          28     4.64118    0.905964   0.0963325
          28     4.86758    0.677705    0.096791
          28     5.09398    0.362812     0.05498
          28     5.32037    0.215527   0.0400902
          28     5.54677    0.102161   0.0216422
          28     5.77317   0.0582857   0.0178453
          28     5.99957   0.0326071   0.0164895
          28     6.22597  0.00916071  0.00777535
          28     6.45237 0.000267857  0.00026303
          28     6.67877           0           0
          29    0.113199   0.0665259   0.0164195
          29    0.339598    0.663017   0.0627344
          29    0.565997     1.73397    0.102065
          29    0.792396     3.22096    0.149804
          29      1.0188     4.67216     0.21364
          29     1.24519     6.22321    0.249918
          29     1.47159     7.65997    0.265295
          29     1.69799     8.71528     0.24569
          29     1.92439     9.33903    0.265701
          29     2.15079     9.34334    0.240343
          29     2.37719     10.0358    0.681456
          29     2.60359     9.61521    0.568147
          29     2.82999     8.20574    0.225439
          29     3.05639     6.43968    0.196713
          29     3.28278     5.55312    0.221064
          29     3.50918     4.73201    0.153313
          29     3.73558     3.56128    0.149675
          29     3.96198     2.64409    0.102484
          29     4.18838     1.81702   0.0888087
          29     4.41478     1.37047    0.095767
          29     4.64118    0.906371   0.0930115
          29     4.86758    0.681922   0.0935452
          29     5.09398    0.365293   0.0531401
          29     5.32037    0.232836   0.0422797
          29     5.54677    0.101284   0.0209136
          29     5.77317   0.0570862   0.0172702
          29     5.99957   0.0338621   0.0159685
          29     6.22597  0.00925862  0.00750785
          29     6.45237 0.000258621 0.000254123
          29     6.67877           0           0
          30    0.113199   0.0650917   0.0159347
          30    0.339598      0.6655   0.0606924
          30    0.565997     1.75205    0.100253
          30    0.792396     3.30967    0.169052
          30      1.0188     4.76122    0.224315
          30     1.24519     6.29421    0.251471
          30     1.47159     7.64408    0.256927
          30     1.69799     8.66518    0.242555
          30     1.92439     9.24313    0.273605
          30     2.15079     9.28421    0.239496
          30     2.37719     9.90041     0.67205
          30     2.60359     9.53798    0.554432
          30     2.82999     8.19668    0.218106
          30     3.05639     6.47506     0.19331
          30     3.28278     5.60852    0.220527
          30     3.50918     4.76909    0.152622
          30     3.73558     3.58608    0.146727
          30     3.96198     2.65794    0.100001
          30     4.18838     1.83959   0.0886711
          30     4.41478     1.38651   0.0939089
          30     4.64118    0.898258   0.0902642
          30     4.86758    0.666975   0.0916134
          30     5.09398    0.353692   0.0526199
          30     5.32037      0.2253   0.0415366
          30     5.54677    0.101192   0.0202167
          30     5.77317   0.0631583   0.0177299
          30     5.99957   0.0399167   0.0165443
          30     6.22597  0.00904167  0.00726072
          30     6.45237     0.00025 0.000245798
          30     6.67877           0           0
          31    0.113199   0.0650806   0.0154207
          31    0.339598    0.676089   0.0596511
          31    0.565997     1.74681   0.0971557
          31    0.792396      3.2931     0.16441
          31      1.0188     4.70232    0.224678
          31     1.24519      6.3118    0.243973
          31     1.47159     7.65144    0.248745
          31     1.69799     8.69216    0.236226
          31     1.92439     9.24348    0.264779
          31     2.15079     9.32161    0.234674
          31     2.37719     9.90313    0.650376
          31     2.60359     9.49922    0.537901
          31     2.82999     8.12185    0.223541
          31     3.05639     6.47102    0.187117
          31     3.28278     5.66358     0.22018
          31     3.50918     4.81833    0.155439
          31     3.73558     3.60782    0.143595
          31     3.96198     2.66531   0.0970455
          31     4.18838     1.82755   0.0866248
          31     4.41478     1.37169   0.0920407
          31     4.64118    0.877984   0.0896005
          31     4.86758     0.65929   0.0889799
          31     5.09398    0.352484   0.0509363
          31     5.32037    0.249065   0.0465007
          31     5.54677   0.0986129   0.0197284
          31     5.77317   0.0612097   0.0172647
          31     5.99957   0.0389355   0.0160397
          31     6.22597  0.00879839  0.00703058
          31     6.45237 0.000241935 0.000238001
          31     6.67877           0           0
          32    0.113199   0.0695703   0.0155787
          32    0.339598    0.703469   0.0637619
          32    0.565997     1.72005   0.0977333
          32    0.792396     3.27007    0.160876
          32      1.0188     4.70545    0.217678
          32     1.24519     6.29727    0.236781
          32     1.47159     7.60432    0.245394
          32     1.69799     8.75876    0.238046
          32     1.92439     9.28888    0.260369
          32     2.15079      9.3332    0.227626
          32     2.37719     9.88555    0.630289
          32     2.60359     9.48418    0.521302
          32     2.82999     8.06639    0.223328
          32     3.05639     6.45255    0.182178
          32     3.28278     5.66936    0.213376
          32     3.50918     4.84295    0.152518
          32     3.73558     3.60133    0.139255
          32     3.96198     2.66586   0.0940144
          32     4.18838     1.87538   0.0962227
          32     4.41478     1.38063   0.0895975
          32     4.64118    0.861602   0.0882854
          32     4.86758    0.648172   0.0868911
          32     5.09398    0.361305   0.0501025
          32     5.32037    0.248555   0.0450503
          32     5.54677   0.0980547   0.0191197
          32     5.77317   0.0603672   0.0167458
          32     5.99957   0.0379688   0.0155676
          32     6.22597  0.00852344  0.00681625
          32     6.45237 0.000234375 0.000230684
          32     6.67877           0           0
          33    0.113199   0.0677348   0.0152143
          33    0.339598    0.691098   0.0630182
          33    0.565997     1.71395   0.0949623
          33    0.792396     3.25472    0.156732
          33      1.0188      4.7336    0.212894
          33     1.24519     6.28999    0.229718
          33     1.47159     7.56884    0.240509
          33     1.69799     8.78603     0.23239
          33     1.92439     9.29069    0.252485
          33     2.15079     9.36452    0.222873
          33     2.37719     9.85388    0.611985
          33     2.60359     9.49322    0.505583
          33     2.82999     8.01172    0.223152
          33     3.05639     6.48661    0.179813
          33     3.28278     5.66714    0.206921
          33     3.50918     4.86561    0.149571
          33     3.73558     3.63042     0.13804
          33     3.96198     2.68152   0.0924599
          33     4.18838     1.88255   0.0935731
          33     4.41478     1.36955   0.0875657
          33     4.64118    0.843258   0.0874951
          33     4.86758    0.637242   0.0849426
          33     5.09398    0.367515   0.0489676
          33     5.32037    0.247712    0.043693
          33     5.54677   0.0970455    0.018567
          33     5.77317   0.0585379   0.0163379
          33     5.99957   0.0368182   0.0151383
          33     6.22597  0.00826515  0.00661459
          33     6.45237 0.000227273 0.000223803
          33     6.67877           0           0
          34    0.113199   0.0674485   0.0147695
          34    0.339598     0.68639   0.0613404
          34    0.565997      1.7035   0.0927422
          34    0.792396     3.25062    0.152176
          34      1.0188      4.7321    0.206638
          34     1.24519     6.32374    0.225427
          34     1.47159     7.57835    0.233624
          34     1.69799      8.7552    0.227591
          34     1.92439     9.29096    0.245059
          34     2.15079      9.3858    0.217332
          34     2.37719     9.77867    0.598589
          34     2.60359      9.4449    0.493016
          34     2.82999     8.05179    0.220158
          34     3.05639     6.54196    0.182843
          34     3.28278     5.66953    0.200849
          34     3.50918     4.90113    0.149328
          34     3.73558     3.62542     0.13407
          34     3.96198     2.69296   0.0904464
          34     4.18838     1.89668   0.0918829
          34     4.41478     1.36256   0.0852685
          34     4.64118       0.823   0.0872353
          34     4.86758     0.61989   0.0841981
          34     5.09398    0.363846   0.0476647
          34     5.32037    0.246699   0.0424197
          34     5.54677   0.0942132   0.0182356
          34     5.77317   0.0568529    0.015944
          34     5.99957   0.0391176   0.0148666
          34     6.22597   0.0161912    0.010109
          34     6.45237 0.000470588  0.00032349
          34     6.67877           0           0
          35    0.113199   0.0701786   0.0145977
          35    0.339598    0.684614   0.0596135
          35    0.565997     1.69873   0.0902151
          35    0.792396     3.23341    0.148799
          35      1.0188     4.74276    0.201009
          35     1.24519     6.37889     0.22563
          35     1.47159      7.6609    0.241091
          35     1.69799     8.78301    0.222781
          35     1.92439     9.31778     0.23952
          35     2.15079     9.36335    0.212279
          35     2.37719     9.70778    0.585669
          35     2.60359     9.33021    0.492091
          35     2.82999     8.05428    0.213882
          35     3.05639     6.58453    0.182508
          35     3.28278     5.67427    0.195167
          35     3.50918     4.85623     0.15166
          35     3.73558     3.58202    0.137084
          35     3.96198     2.71571   0.0906768
          35     4.18838     1.91566    0.091197
          35     4.41478      1.3644   0.0828522
          35     4.64118    0.831593    0.085165
          35     4.86758      0.6108   0.0822817
          35     5.09398    0.358736    0.046576
          35     5.32037    0.245593   0.0412221
          35     5.54677   0.0932429   0.0177404
          35     5.77317   0.0579786   0.0155282
          35     5.99957   0.0423071   0.0147801
          35     6.22597   0.0229429   0.0118625
          35     6.45237   0.0153857   0.0147039
          35     6.67877  0.00272143  0.00268227
          36    0.113199   0.0683056   0.0143119
          36    0.339598    0.683493   0.0579681
          36    0.565997     1.68368   0.0889553
          36    0.792396     3.26306    0.147591
          36      1.0188     4.77155    0.197476
          36     1.24519     6.40197     0.22054
          36     1.47159     7.66032    0.234395
          36     1.69799     8.75294    0.218612
          36     1.92439     9.33777      0.2337
          36     2.15079      9.4077    0.210964
          36     2.37719     9.64279    0.572995
          36     2.60359     9.27781    0.481203
          36     2.82999     8.00619    0.213277
          36     3.05639     6.59232    0.177604
          36     3.28278     5.70969    0.192932
          36     3.50918     4.84921     0.14761
          36     3.73558     3.59185    0.133627
          36     3.96198      2.7601   0.0984285
          36     4.18838     1.91472   0.0886686
          36     4.41478     1.35949   0.0806963
          36     4.64118    0.821201   0.0834309
          36     4.86758    0.600583   0.0806279
          36     5.09398    0.355597   0.0453878
          36     5.32037      0.2465    0.040087
          36     5.54677   0.0915486   0.0173283
          36     5.77317   0.0595486    0.015176
          36     5.99957       0.042   0.0143727
          36     6.22597   0.0223611   0.0115472
          36     6.45237   0.0150139   0.0143001
          36     6.67877   0.0106806  0.00826973
          37    0.113199   0.0699595   0.0140203
          37    0.339598    0.676264   0.0568505
          37    0.565997     1.66878   0.0877895
          37    0.792396     3.26873    0.143711
          37      1.0188     4.78592    0.192661
          37     1.24519     6.38571    0.215179
          37     1.47159     7.66465      0.2281
          37     1.69799     8.79459    0.216635
          37     1.92439     9.35954    0.228395
          37     2.15079     9.43553     0.20709
          37     2.37719     9.61591    0.558138
          37     2.60359     9.26748    0.468308
          37     2.82999     7.96872     0.21078
          37     3.05639     6.59066    0.172812
          37     3.28278     5.67212     0.19134
          37     3.50918     4.84324    0.143741
          37     3.73558      3.6038     0.13055
          37     3.96198     2.77274   0.0965755
          37     4.18838     1.91682   0.0862971
          37     4.41478     1.36439   0.0786643
          37     4.64118    0.838432   0.0829363
          37     4.86758    0.612534   0.0793294
          37     5.09398    0.346703   0.0450242
          37     5.32037    0.241324   0.0393363
          37     5.54677   0.0898919    0.016939
          37     5.77317   0.0579392   0.0148509
          37     5.99957   0.0408649    0.014029
          37     6.22597   0.0217568   0.0112509
          37     6.45237   0.0146081   0.0139194
          37     6.67877   0.0103919  0.00805126
          38    0.113199   0.0687763   0.0137012
          38    0.339598    0.670204   0.0556764
          38    0.565997      1.6676   0.0854873
          38    0.792396     3.29455    0.142229
          38      1.0188     4.77811    0.187749
          38     1.24519     6.42415    0.212922
          38     1.47159     7.72396    0.229679
          38     1.69799     8.80826    0.211365
          38     1.92439     9.40168    0.226238
          38     2.15079      9.4371    0.201646
          38     2.37719     9.56738    0.545557
          38     2.60359     9.20263    0.460452
          38     2.82999     7.95992    0.205417
          38     3.05639     6.60276    0.168687
          38     3.28278     5.64677    0.187977
          38     3.50918     4.81482    0.142741
          38     3.73558     3.58513    0.128443
          38     3.96198     2.74645   0.0975466
          38     4.18838      1.8842   0.0899827
          38     4.41478      1.3573    0.076913
          38     4.64118    0.849572   0.0814985
          38     4.86758    0.652026   0.0865154
          38     5.09398    0.371053    0.049992
          38     5.32037    0.244474    0.038427
          38     5.54677   0.0891908   0.0165077
          38     5.77317   0.0608289   0.0147386
          38     5.99957   0.0449671    0.014247
          38     6.22597   0.0218158    0.010955
          38     6.45237   0.0142237   0.0135584
          38     6.67877   0.0101184  0.00784403
          39    0.113199   0.0670769   0.0134548
          39    0.339598    0.662308   0.0548059
          39    0.565997     1.67692   0.0838016
          39    0.792396     3.32395    0.141588
          39      1.0188     4.80006    0.184214
          39     1.24519     6.44701    0.208686
          39     1.47159     7.71189    0.224107
          39     1.69799     8.79852     0.20617
          39     1.92439     9.41137    0.220645
          39     2.15079     9.43935    0.196489
          39     2.37719     9.55649    0.531677
          39     2.60359     9.15699    0.450902
          39     2.82999     7.94522    0.200675
          39     3.05639     6.63997    0.168416
          39     3.28278      5.6659    0.184127
          39     3.50918     4.79926    0.139925
          39     3.73558     3.54382    0.131625
          39     3.96198     2.71477    0.100057
          39     4.18838     1.90024   0.0890936
          39     4.41478     1.34267   0.0763207
          39     4.64118    0.855647   0.0796349
          39     4.86758     0.65525   0.0843571
          39     5.09398    0.384282   0.0504303
          39     5.32037    0.252346   0.0382396
          39     5.54677   0.0931154   0.0165444
          39     5.77317   0.0641538   0.0147309
          39     5.99957   0.0464615   0.0139598
          39     6.22597   0.0212564   0.0106884
          39     6.45237    0.013859   0.0132157
          39     6.67877  0.00985897  0.00764719
          40    0.113199   0.0683062   0.0131745
          40    0.339598     0.66125   0.0534459
          40    0.565997     1.67225   0.0818364
          40    0.792396     3.31734    0.138203
          40      1.0188     4.83149     0.18227
          40     1.24519     6.45685    0.203701
          40     1.47159     7.74021    0.220286
          40     1.69799      8.8734    0.214183
          40     1.92439     9.41139    0.215129
          40     2.15079     9.42879     0.19186
          40     2.37719     9.52694    0.519205
          40     2.60359     9.13604    0.440116
          40     2.82999     7.87612    0.207213
          40     3.05639     6.62799    0.164631
          40     3.28278      5.6032    0.189899
          40     3.50918     4.81838    0.137726
          40     3.73558     3.57792    0.132679
          40     3.96198     2.72527   0.0981049
          40     4.18838     1.88657   0.0879085
          40     4.41478     1.33746   0.0745903
          40     4.64118      0.8491   0.0779127
          40     4.86758    0.649238   0.0824621
          40     5.09398    0.398944   0.0512565
          40     5.32037    0.256538   0.0375126
          40     5.54677    0.100844   0.0178448
          40     5.77317   0.0713438   0.0160215
          40     5.99957   0.0476875   0.0136645
          40     6.22597   0.0260062   0.0114279
          40     6.45237   0.0135125   0.0128898
          40     6.67877   0.0096125  0.00745998
