0 29.3979
1 31.0031
2 28.744
3 26.8355
4 25.0941
5 25.0941
6 24.5288
7 23.6424
8 22.0379
9 17.9911
10 17.9911
11 17.9911
12 16.7379
13 15.9802
14 15.5372
15 14.4159
16 13.9512
17 13.9426
18 14.0272
19 13.8797
20 13.6719
21 13.6653
22 13.6642
23 13.2443
24 13.2443
25 13.2443
26 13.0877
27 12.3948
28 12.3106
29 12.3106
30 11.3012
31 11.4435
32 11.4435
33 10.7226
34 10.7226
35 10.7226
36 9.62277
37 9.62277
38 9.62277
39 9.62277
40 9.62277
41 9.45072
42 9.45072
43 9.45072
44 9.45072
45 9.45072
46 9.45072
47 9.45072
48 9.45072
49 9.05586
50 9.05586
51 9.05586
52 9.05586
53 7.05293
54 7.05293
55 7.05293
56 7.05293
57 7.04842
58 7.04842
59 7.04842
60 7.04842
61 7.04842
62 6.80565
63 6.83597
64 6.83597
65 6.83597
66 6.83597
67 6.83587
68 6.83587
69 6.53028
70 6.53028
71 6.53028
72 6.53028
73 6.53028
74 6.53028
75 6.53028
76 6.53028
77 6.53028
78 6.53028
79 6.53028
80 6.53028
81 6.53028
82 6.53028
83 6.53028
84 6.53028
85 6.53028
86 6.53028
87 6.53028
88 6.53028
89 6.53028
90 6.53028
91 6.53028
92 6.53028
93 6.53028
94 6.45159
95 6.31944
96 6.31944
97 6.31944
98 6.31944
99 6.31944
100 6.31944
101 6.31944
102 6.31944
103 6.31944
104 6.31944
105 6.31944
106 6.31944
107 6.31944
108 6.31944
109 6.31944
110 6.31944
111 6.31944
112 6.31944
113 6.31944
114 6.31944
115 6.31944
116 6.31944
117 6.31944
118 6.31944
119 6.31944
120 6.31944
121 6.31944
122 6.31944
123 6.31944
124 6.31944
125 6.28913
126 6.28913
127 6.28913
128 6.28913
129 6.28913
130 6.28913
131 6.28913
132 6.28913
133 6.28913
134 6.28913
135 6.28913
136 6.28913
137 6.28913
138 6.28913
139 6.28913
140 6.28913
141 6.28913
142 6.28913
143 6.28913
144 6.28913
145 6.23441
146 6.23441
147 6.23441
148 6.23441
149 6.23441
150 6.23441
151 6.23441
152 6.23441
153 6.23441
154 6.23441
155 6.23441
156 6.23441
157 6.23441
158 6.23441
159 6.23441
160 6.23441
161 6.23441
162 6.23441
163 6.23441
164 6.23441
165 6.23441
166 6.23441
167 6.23441
168 6.23441
169 6.23441
170 6.23441
171 6.23441
172 6.23441
173 6.23441
174 6.23441
175 6.23441
176 6.23441
177 6.23441
178 6.23441
179 6.23441
180 6.23441
181 6.23441
182 6.23441
183 6.23441
184 6.23441
185 6.23441
186 6.23441
187 6.23441
188 6.23441
189 6.23441
190 6.23441
191 6.23441
192 6.23441
193 6.23441
194 6.23441
195 6.23441
196 6.23441
197 6.23441
198 6.23441
199 6.23441
