0 32.5509
1 32.501
2 30.341
3 27.1808
4 27.0086
5 21.1353
6 21.1814
7 21.1814
8 20.9793
9 20.9793
10 19.6307
11 19.6307
12 19.6307
13 19.5275
14 17.7646
15 16.393
16 17.1944
17 17.1944
18 17.0617
19 16.4554
20 16.4554
21 16.4554
22 16.4554
23 16.4554
24 16.0302
25 15.8596
26 14.8032
27 14.816
28 14.7746
29 14.7746
30 14.4427
31 12.7979
32 12.7979
33 12.5089
34 12.3109
35 12.5089
36 12.4808
37 12.5002
38 12.2012
39 12.4152
40 12.0194
41 11.9597
42 11.3024
43 11.3422
44 11.6082
45 11.6082
46 11.6082
47 11.5515
48 11.0964
49 10.9437
50 10.922
51 10.6846
52 10.6846
53 10.6846
54 10.5575
55 10.5575
56 10.5575
57 10.5575
58 10.1595
59 8.78273
60 8.78273
61 8.78273
62 8.77083
63 8.77083
64 8.77083
65 8.77083
66 8.77083
67 8.7698
68 8.52767
69 8.52767
70 8.52767
71 7.96142
72 7.96142
73 7.96142
74 7.96142
75 7.96142
76 7.96142
77 7.96142
78 7.96142
79 7.96142
80 7.46467
81 7.46467
82 7.46467
83 7.34155
84 7.34155
85 7.34155
86 7.34155
87 7.34155
88 7.34155
89 7.34155
90 7.03127
91 6.90652
92 6.90652
93 6.90652
94 6.90652
95 6.90652
96 6.89808
97 6.89808
98 6.89808
99 6.89808
100 6.89808
101 6.89808
102 6.89808
103 6.89808
104 6.89808
105 6.89808
106 6.89808
107 6.89808
108 6.89808
109 6.89808
110 6.89808
111 6.89808
112 6.89808
113 6.89808
114 6.89808
115 6.89808
116 6.89808
117 6.89808
118 6.89808
119 6.89808
120 6.89808
121 6.89808
122 6.89808
123 6.89808
124 6.23441
125 6.23441
126 6.23441
127 6.23441
128 6.23441
129 6.23441
130 6.23441
131 6.23441
132 6.23441
133 6.23441
134 6.23441
135 6.23441
136 6.23441
137 6.23441
138 6.23441
139 6.23441
140 6.23441
141 6.23441
142 6.23441
143 6.23441
144 6.23441
145 6.23441
146 6.23441
147 6.23441
148 6.23441
149 6.23441
150 6.23441
151 6.23441
152 6.23441
153 6.23441
154 6.23441
155 6.23441
156 6.23441
157 6.23441
158 6.23441
159 6.23441
160 6.23441
161 6.23441
162 6.23441
163 6.23441
164 6.23441
165 6.23441
166 6.23441
167 6.23441
168 6.23441
169 6.23441
170 6.23441
171 6.23441
172 6.23441
173 6.23441
174 6.23441
175 6.23441
176 6.23441
177 6.23441
178 6.23441
179 6.23441
180 6.23441
181 6.23441
182 6.23441
183 6.23441
184 6.23441
185 6.23441
186 6.23441
187 6.23441
188 6.23441
189 6.23441
190 6.23441
191 6.23441
192 6.23441
193 6.23441
194 6.23441
195 6.23441
196 6.23441
197 6.23441
198 6.23441
199 6.23441
