0 30.7899
1 28.4466
2 25.1073
3 24.6475
4 23.8462
5 20.4365
6 17.7295
7 17.5891
8 17.6147
9 16.9797
10 16.7653
11 16.763
12 16.471
13 16.1439
14 15.3851
15 15.8896
16 15.8896
17 15.8039
18 15.4161
19 15.8728
20 15
21 14.796
22 14.0388
23 13.8582
24 13.4606
25 13.4295
26 13.4606
27 12.0785
28 12.0785
29 12.0785
30 12.0785
31 12.0477
32 12.0477
33 11.8208
34 11.8208
35 11.8208
36 11.8208
37 11.8208
38 11.8208
39 11.8017
40 11.5525
41 11.7698
42 11.7698
43 11.7698
44 11.7341
45 11.7341
46 11.7341
47 11.7341
48 11.7341
49 11.7341
50 11.7099
51 11.7099
52 11.6919
53 11.7045
54 11.4366
55 11.7045
56 11.7045
57 11.6722
58 11.6722
59 11.6722
60 11.5399
61 11.5253
62 11.5399
63 11.5399
64 11.5399
65 11.4964
66 11.4321
67 11.4321
68 11.4321
69 11.4321
70 11.4321
71 11.4321
72 11.4321
73 11.4321
74 11.4321
75 11.132
76 11.132
77 11.132
78 10.5252
79 9.5848
80 9.28028
81 9.2797
82 9.28028
83 8.25159
84 7.89022
85 7.89022
86 7.89022
87 7.62899
88 7.89022
89 7.89022
90 7.50163
91 7.50163
92 7.50163
93 7.50163
94 7.50044
95 7.50044
96 7.50044
97 7.50044
98 7.50044
99 7.49835
100 7.49835
101 7.49835
102 7.28405
103 7.02456
104 7.02456
105 7.02456
106 7.02456
107 7.02456
108 7.02456
109 7.02456
110 7.02456
111 7.02456
112 7.02456
113 7.02456
114 7.02456
115 7.02456
116 7.02456
117 6.96984
118 6.96984
119 6.96984
120 6.96984
121 6.96984
122 6.93041
123 6.93041
124 6.93041
125 6.79781
126 6.66513
127 6.66513
128 6.66513
129 6.66513
130 6.66513
131 6.66513
132 6.66513
133 6.66513
134 6.66513
135 6.66513
136 6.66513
137 6.66513
138 6.66513
139 6.66513
140 6.66513
141 6.66513
142 6.23441
143 6.23441
144 6.23441
145 6.23441
146 6.23441
147 6.23441
148 6.23441
149 6.23441
150 6.23441
151 6.23441
152 6.23441
153 6.23441
154 6.23441
155 6.23441
156 6.23441
157 6.23441
158 6.23441
159 6.23441
160 6.23441
161 6.23441
162 6.23441
163 6.23441
164 6.23441
165 6.23441
166 6.23441
167 6.23441
168 6.23441
169 6.23441
170 6.23441
171 6.23441
172 6.23441
173 6.23441
174 6.23441
175 6.23441
176 6.23441
177 6.23441
178 6.23441
179 6.23441
180 6.23441
181 6.23441
182 6.23441
183 6.23441
184 6.23441
185 6.23441
186 6.23441
187 6.23441
188 6.23441
189 6.23441
190 6.23441
191 6.23441
192 6.23441
193 6.23441
194 6.23441
195 6.23441
196 6.23441
197 6.23441
198 6.23441
199 6.23441
