0 29.9484
1 29.2738
2 25.8405
3 23.5762
4 21.9238
5 21.8562
6 20.4335
7 19.4443
8 18.9241
9 18.7431
10 18.7431
11 16.1295
12 15.2803
13 15.2344
14 15.065
15 13.71
16 14.0421
17 13.9281
18 13.9281
19 13.9281
20 13.4805
21 13.0629
22 13.0097
23 11.7816
24 11.4899
25 11.614
26 11.4899
27 11.4899
28 11.4899
29 10.999
30 10.999
31 10.999
32 10.9945
33 10.8061
34 10.9796
35 10.9796
36 10.8676
37 10.6942
38 10.6942
39 10.6942
40 10.6942
41 10.2387
42 10.2387
43 10.0345
44 9.61854
45 9.4144
46 9.29197
47 9.28624
48 9.26204
49 8.92784
50 8.92784
51 8.92155
52 8.79621
53 8.56628
54 8.70963
55 8.70963
56 8.70963
57 7.88444
58 7.88444
59 7.32941
60 7.32941
61 7.32941
62 7.32941
63 7.32941
64 7.11058
65 7.11058
66 7.11058
67 7.11058
68 7.11058
69 7.11058
70 7.11058
71 7.11058
72 7.11058
73 7.11058
74 7.11058
75 7.10216
76 7.10216
77 7.10216
78 7.10216
79 7.10216
80 7.10216
81 7.10216
82 7.10216
83 7.10216
84 6.97903
85 6.97903
86 6.97903
87 6.97903
88 6.97903
89 6.84693
90 6.84693
91 6.84693
92 6.84693
93 6.84693
94 6.84693
95 6.84693
96 6.84693
97 6.84693
98 6.84693
99 6.84693
100 6.84693
101 6.84693
102 6.84693
103 6.84693
104 6.84693
105 6.84693
106 6.84693
107 6.84693
108 6.84693
109 6.84693
110 6.84693
111 6.84693
112 6.84693
113 6.84693
114 6.84693
115 6.84693
116 6.84693
117 6.84693
118 6.84693
119 6.84693
120 6.84693
121 6.84693
122 6.84693
123 6.84693
124 6.84693
125 6.4061
126 6.4061
127 6.4061
128 6.4061
129 6.4061
130 6.4061
131 6.4061
132 6.4061
133 6.4061
134 6.4061
135 6.4061
136 6.4061
137 6.4061
138 6.4061
139 6.4061
140 6.4061
141 6.4061
142 6.4061
143 6.4061
144 6.4061
145 6.4061
146 6.4061
147 6.4061
148 6.4061
149 6.37579
150 6.37579
151 6.37579
152 6.37579
153 6.37579
154 6.37579
155 6.37579
156 6.37579
157 6.37579
158 6.37579
159 6.37579
160 6.37579
161 6.37579
162 6.37579
163 6.37579
164 6.37579
165 6.37579
166 6.37579
167 6.37579
168 6.37579
169 6.37579
170 6.37579
171 6.37579
172 6.37579
173 6.23441
174 6.23441
175 6.23441
176 6.23441
177 6.23441
178 6.23441
179 6.23441
180 6.23441
181 6.23441
182 6.23441
183 6.23441
184 6.23441
185 6.23441
186 6.23441
187 6.23441
188 6.23441
189 6.23441
190 6.23441
191 6.23441
192 6.23441
193 6.23441
194 6.23441
195 6.23441
196 6.23441
197 6.23441
198 6.23441
199 6.23441
