0 32.5824
0 32.5824
1 29.6512
1 29.6512
2 27.65
2 27.65
3 26.7657
3 26.7657
4 25.2606
4 25.2606
5 20.9406
5 20.9406
6 20.5314
6 20.5314
7 20.4713
7 20.4713
8 16.069
8 16.069
9 15.7394
9 15.7394
10 14.6
10 14.6
11 14.6
11 14.6
12 14.6
12 14.6
13 13.1434
13 13.1434
14 13.0126
14 13.0126
15 13.0126
15 13.0126
16 13.0028
16 13.0028
17 13.0028
17 13.0028
18 13.0028
18 13.0028
19 12.8578
19 12.8578
20 12.9668
20 12.9668
21 12.9667
21 12.9667
22 12.9667
22 12.9667
23 12.9667
23 12.9667
24 12.1112
24 12.1112
25 11.7191
25 11.7191
26 11.7191
26 11.7191
27 11.2316
27 11.2316
28 11.2316
28 11.2316
29 11.2316
29 11.2316
30 11.2316
30 11.2316
31 11.2316
31 11.2316
32 11.2316
32 11.2316
33 11.2316
33 11.2316
34 11.2316
34 11.2316
35 11.2316
35 11.2316
36 11.2316
36 11.2316
37 11.1434
37 11.1434
38 10.7119
38 10.7119
39 10.7119
39 10.7119
40 10.4714
40 10.4714
41 10.7053
41 10.7053
42 10.7053
42 10.7053
43 10.4648
43 10.4648
44 10.4648
44 10.4648
45 10.4648
45 10.4648
46 9.92767
46 9.92767
47 9.17627
47 9.17627
48 9.17627
48 9.17627
49 8.60099
49 8.60099
50 8.60099
50 8.60099
51 8.55147
51 8.55147
52 8.55147
52 8.55147
53 8.55147
53 8.55147
54 8.55147
54 8.55147
55 8.55147
55 8.55147
56 8.55147
56 8.55147
57 8.55147
57 8.55147
58 8.55147
58 8.55147
59 8.55147
59 8.55147
60 8.55147
60 8.55147
61 8.55147
61 8.55147
62 8.55147
62 8.55147
63 8.55147
63 8.55147
64 8.55147
64 8.55147
65 7.44125
65 7.44125
66 7.44125
66 7.44125
67 7.37423
67 7.37423
68 7.37423
68 7.37423
69 7.23719
69 7.23719
70 7.23719
70 7.23719
71 7.23719
71 7.23719
72 7.23719
72 7.23719
73 7.23719
73 7.23719
74 7.23719
74 7.23719
75 7.23719
75 7.23719
76 7.23719
76 7.23719
77 7.11975
77 7.11975
78 7.11975
78 7.11975
79 7.11975
79 7.11975
80 7.11975
80 7.11975
81 7.11975
81 7.11975
82 7.11975
82 7.11975
83 7.11975
83 7.11975
84 7.11975
84 7.11975
85 7.11975
85 7.11975
86 7.11975
86 7.11975
87 7.11975
87 7.11975
88 7.11975
88 7.11975
89 7.11975
89 7.11975
90 7.11975
90 7.11975
91 7.11975
91 7.11975
92 7.11975
92 7.11975
93 7.11975
93 7.11975
94 7.11975
94 7.11975
95 7.11975
95 7.11975
96 7.11975
96 7.11975
97 7.11975
97 7.11975
98 7.11975
98 7.11975
99 7.11975
99 7.11975
100 7.11975
100 7.11975
101 7.11975
101 7.11975
102 7.11975
102 7.11975
103 7.11975
103 7.11975
104 7.11975
104 7.11975
105 7.11975
105 7.11975
106 7.11975
106 7.11975
107 7.11975
107 7.11975
108 7.11975
108 7.11975
109 7.11975
109 7.11975
110 7.11975
110 7.11975
111 7.11975
111 7.11975
112 7.11975
112 7.11975
113 7.11975
113 7.11975
114 7.11975
114 7.11975
115 7.11975
115 7.11975
116 7.11975
116 7.11975
117 7.11975
117 7.11975
118 7.11975
118 7.11975
119 7.11975
119 7.11975
120 7.11975
120 7.11975
121 7.11975
121 7.11975
122 7.11975
122 7.11975
123 7.11975
123 7.11975
124 7.11975
124 7.11975
125 7.11975
125 7.11975
126 7.11975
126 7.11975
127 7.11975
127 7.11975
128 7.11975
128 7.11975
129 7.11975
129 7.11975
130 7.11975
130 7.11975
131 7.11975
131 7.11975
132 7.11975
132 7.11975
133 7.11975
133 7.11975
134 7.11975
134 7.11975
135 7.11975
135 7.11975
136 7.11975
136 7.11975
137 7.11975
137 7.11975
138 7.11975
138 7.11975
139 7.11975
139 7.11975
140 7.11975
140 7.11975
141 7.11975
141 7.11975
142 6.44958
142 6.44958
143 6.44958
143 6.44958
144 6.44958
144 6.44958
145 6.44958
145 6.44958
146 6.44958
146 6.44958
147 6.44958
147 6.44958
148 6.44958
148 6.44958
149 6.37249
149 6.37249
150 6.37249
150 6.37249
151 6.37249
151 6.37249
152 6.37249
152 6.37249
153 6.37249
153 6.37249
154 6.37249
154 6.37249
155 6.37249
155 6.37249
156 6.37249
156 6.37249
157 6.37249
157 6.37249
158 6.37249
158 6.37249
159 6.37249
159 6.37249
160 6.24193
160 6.24193
161 6.24193
161 6.24193
162 6.24193
162 6.24193
163 6.24193
163 6.24193
164 6.23099
164 6.23099
165 6.23099
165 6.23099
166 6.23099
166 6.23099
167 6.23099
167 6.23099
168 6.23099
168 6.23099
169 6.23099
169 6.23099
170 6.23099
170 6.23099
171 6.23099
171 6.23099
172 6.23099
172 6.23099
173 6.23099
173 6.23099
174 6.23099
174 6.23099
175 6.23099
175 6.23099
176 6.23099
176 6.23099
177 6.23099
177 6.23099
178 6.23099
178 6.23099
179 6.23099
179 6.23099
180 6.23099
180 6.23099
181 6.23099
181 6.23099
182 6.23099
182 6.23099
183 6.23099
183 6.23099
184 6.23099
184 6.23099
185 6.23099
185 6.23099
186 6.23099
186 6.23099
187 6.23099
187 6.23099
188 6.23099
188 6.23099
189 6.23099
189 6.23099
190 6.23099
190 6.23099
191 6.23099
191 6.23099
192 6.23099
192 6.23099
193 6.23099
193 6.23099
194 6.23099
194 6.23099
195 6.23099
195 6.23099
196 6.23099
196 6.23099
197 6.23099
197 6.23099
198 6.23099
198 6.23099
199 6.23099
199 6.23099
