0 28.3954
1 22.8869
2 20.1611
3 21.0207
4 19.4293
5 19.494
6 18.9102
7 19.0518
8 18.0996
9 17.7308
10 16.9988
11 16.8321
12 16.8321
13 14.7848
14 14.136
15 14.136
16 13.7887
17 13.1062
18 13.0979
19 13.0979
20 13.0979
21 12.9021
22 11.4318
23 11.4236
24 11.3012
25 11.3006
26 11.3006
27 10.7657
28 10.7657
29 10.528
30 10.528
31 10.4538
32 10.4538
33 10.4538
34 9.89509
35 8.53697
36 8.53697
37 8.53697
38 8.53697
39 8.53697
40 8.52614
41 8.53697
42 8.53697
43 8.53697
44 8.53697
45 8.53697
46 8.53697
47 8.53697
48 8.53697
49 8.46979
50 8.44072
51 8.44072
52 8.44072
53 8.2578
54 8.04349
55 8.04349
56 7.9273
57 7.9273
58 7.90636
59 7.90636
60 7.90636
61 7.90636
62 7.90636
63 7.36503
64 7.3042
65 6.74813
66 6.74813
67 6.74813
68 6.74813
69 6.72373
70 6.69341
71 6.69341
72 6.69341
73 6.69341
74 6.69341
75 6.65396
76 6.65396
77 6.65396
78 6.65396
79 6.65396
80 6.65396
81 6.65396
82 6.5126
83 6.5126
84 6.5126
85 6.50416
86 6.50416
87 6.50416
88 6.50416
89 6.50416
90 6.50416
91 6.50416
92 6.50416
93 6.50416
94 6.50416
95 6.50416
96 6.50416
97 6.50416
98 6.50416
99 6.50416
100 6.23901
101 6.23901
102 6.23901
103 6.23901
104 6.23901
105 6.23901
106 6.23901
107 6.23901
108 6.23901
109 6.23901
110 6.23901
111 6.23441
112 6.23441
113 6.23441
114 6.23441
115 6.23441
116 6.23441
117 6.23441
118 6.23441
119 6.23441
120 6.23441
121 6.23441
122 6.23441
123 6.23441
124 6.23441
125 6.23441
126 6.23441
127 6.23441
128 6.23441
129 6.23441
130 6.23441
131 6.23441
132 6.23441
133 6.23441
134 6.23441
135 6.23441
136 6.23441
137 6.23441
138 6.23441
139 6.23441
140 6.23441
141 6.23441
142 6.23441
143 6.23441
144 6.23441
145 6.23441
146 6.23441
147 6.23441
148 6.23441
149 6.23441
150 6.23441
151 6.23441
152 6.23441
153 6.23441
154 6.23441
155 6.23441
156 6.23441
157 6.23441
158 6.23441
159 6.23441
160 6.23441
161 6.23441
162 6.23441
163 6.23441
164 6.23441
165 6.23441
166 6.23441
167 6.23441
168 6.23441
169 6.23441
170 6.23441
171 6.23441
172 6.23441
173 6.23441
174 6.23441
175 6.23441
176 6.23441
177 6.23441
178 6.23441
179 6.23441
180 6.23441
181 6.23441
182 6.23441
183 6.23441
184 6.23441
185 6.23441
186 6.23441
187 6.23441
188 6.23441
189 6.23441
190 6.23441
191 6.23441
192 6.23441
193 6.23441
194 6.23441
195 6.23441
196 6.23441
197 6.23441
198 6.23441
199 6.23441
