0 32.8295
1 33.3406
2 33.3406
3 33.3406
4 33.3406
5 33.3406
6 35.4328
7 35.1377
8 34.3654
9 35.8853
10 33.6726
11 33.6726
12 33.6726
13 33.6726
14 31.9196
15 31.9196
16 31.9196
17 33.9551
18 31.9976
19 31.9976
20 31.9976
21 31.4917
22 34.4228
23 31.3746
24 31.3746
25 31.3746
26 33.9079
27 33.7534
28 33.4632
29 31.6326
30 32.4309
31 32.4309
32 32.4309
33 32.4309
34 32.4309
35 32.4309
36 32.4309
37 32.4309
38 33.475
39 33.9753
40 33.9753
41 33.9463
42 33.9463
43 34.9461
44 35.0369
45 35.0369
46 35.0369
47 35.0369
48 35.7966
49 34.448
50 33.2736
51 33.2736
52 33.2736
53 33.9582
54 33.9582
55 33.9582
56 36.3749
57 34.2566
58 32.3067
59 34.9379
60 34.633
61 34.633
62 35.279
63 36.188
64 35.8288
65 34.0415
66 34.0415
67 34.0415
68 34.0415
69 33.7553
70 33.7553
71 32.3197
72 32.3197
73 32.381
74 32.381
75 32.3215
76 33.122
77 34.131
78 34.5219
79 33.9157
80 36.3189
81 36.3189
82 36.126
83 35.6029
84 33.7283
85 35.6054
86 35.6054
87 36.3189
88 36.3189
89 34.146
90 34.146
91 32.3388
92 32.4912
93 31.9426
94 31.9426
95 33.909
96 34.4625
97 34.8679
98 34.1514
99 34.0071
100 33.1151
101 33.1151
102 33.0857
103 34.4155
104 34.4155
105 34.4682
106 34.1074
107 34.1074
108 32.8567
109 33.4082
110 33.4082
111 33.4082
112 33.4082
113 33.4082
114 33.4082
115 33.4082
116 32.6918
117 32.6918
118 33.4082
119 34.6152
120 34.6152
121 34.7114
122 34.472
123 34.4317
124 34.7114
125 34.7114
126 34.7114
127 34.7114
128 34.6048
129 32.0898
130 32.0371
131 32.0371
132 32.8717
133 33.1005
134 33.1005
135 33.1005
136 33.1005
137 33.1005
138 34.4131
139 32.5168
140 31.6408
141 31.6408
142 31.6408
143 31.6408
144 31.6408
145 31.6408
146 31.6408
147 32.725
148 32.725
149 32.725
150 31.3579
151 34.8585
152 34.8585
153 34.835
154 34.835
155 34.2914
156 34.902
157 34.5376
158 35.7436
159 31.6558
160 31.6558
161 32.5166
162 35.5968
163 35.0285
164 33.9797
165 33.4856
166 33.4856
167 33.4856
168 33.4856
169 33.4856
170 33.2839
171 33.2839
172 33.2839
173 33.2044
174 33.6763
175 35.5611
176 35.8925
177 35.4202
178 34.8768
179 34.8768
180 33.0078
181 33.0078
182 33.0078
183 33.0078
184 33.0227
185 34.9982
186 33.6256
187 33.6256
188 35.7838
189 35.3547
190 35.1385
191 35.1385
192 35.1385
193 35.1385
194 35.1385
195 33.5481
196 33.5481
197 33.0221
198 33.0221
199 33.0221
200 33.0221
201 32.0555
202 32.0555
203 32.1255
204 34.2247
205 36.2496
206 36.2329
207 36.2329
208 36.2329
209 36.2329
210 36.022
211 36.9088
212 35.0735
213 35.0735
214 35.8832
215 35.8832
216 36.2449
217 34.8529
218 32.8806
219 34.0177
220 34.6013
221 35.2565
222 33.4225
223 35.2032
224 35.2428
225 32.4615
226 35.6358
227 32.9717
228 32.9717
229 32.9717
230 32.9717
231 32.9717
232 33.682
233 34.3939
234 34.0834
235 34.0834
236 34.3939
237 34.0001
238 35.1636
239 35.1636
240 33.316
241 35.1636
242 35.1636
243 33.9507
244 36.8755
245 35.1637
246 35.4613
247 32.4304
248 34.0307
249 34.0577
250 34.0577
251 34.0577
252 34.0577
253 34.4284
254 34.4284
255 35.9546
256 35.387
257 36.0857
258 35.959
259 36.061
260 32.9734
261 36.371
262 34.3206
263 32.8548
264 33.7385
265 33.7385
266 33.797
267 33.797
268 33.797
269 33.797
270 33.797
271 33.3667
272 34.6585
273 33.1152
274 34.1044
275 33.5643
276 33.5643
277 34.1685
278 34.1685
279 34.618
280 34.0762
281 34.0519
282 34.0519
283 34.8235
284 34.8235
285 33.8477
286 33.8477
287 33.8477
288 35.4428
289 34.347
290 34.347
291 34.347
292 33.7926
293 33.9098
294 33.5545
295 31.8621
296 33.4732
297 33.4732
298 33.6301
299 32.6683
300 32.0952
301 34.7398
302 34.8875
303 34.7381
304 34.7381
305 34.7381
306 34.7381
307 33.385
308 33.385
309 33.7011
310 34.1767
311 34.6806
312 34.6806
313 35.0433
314 35.0433
315 35.0433
316 35.0433
317 34.769
318 34.0754
319 34.0754
320 34.0754
321 34.0754
322 35.2297
323 35.2297
324 33.9736
325 35.0583
326 35.0583
327 35.2105
328 34.2643
329 35.0209
330 35.5362
331 35.5362
332 35.5362
333 36.1846
334 36.1846
335 33.2454
336 33.2454
337 33.2454
338 33.2454
339 33.2454
340 33.2454
341 33.2454
342 33.2454
343 33.2454
344 35.3952
345 34.4819
346 34.4819
347 36.0122
348 33.0522
349 33.0522
350 33.0522
351 33.0522
352 33.0522
353 33.0522
354 33.38
355 33.38
356 33.38
357 35.1727
358 35.0914
359 35.0914
360 35.0914
361 34.6556
362 34.6556
363 31.1472
364 31.1472
365 31.1472
366 31.1472
367 35.9382
368 35.6335
369 35.6335
370 35.1499
371 34.7218
372 34.7218
373 34.7469
374 35.1869
375 34.9097
376 35.1869
377 35.1869
378 36.1033
379 36.1033
380 36.0061
381 35.7595
382 36.4383
383 36.4383
384 36.9349
385 34.5288
386 34.7209
387 35.512
388 35.512
389 36.0259
390 33.7775
391 33.7775
392 35.183
393 35.183
394 36.0589
395 36.0589
396 34.6274
397 36.7629
398 35.1059
399 34.9436
400 37.483
401 36.5656
402 36.1111
403 36.5656
404 35.2571
405 34.8104
406 36.2966
407 36.2966
408 36.1159
409 36.1159
410 35.6677
411 35.6677
412 35.6677
413 33.8671
414 33.8671
415 33.8671
416 35.1977
417 35.1977
418 34.5601
419 34.5601
420 34.5601
421 35.6113
422 35.6113
423 35.6113
424 35.6113
425 36.0555
426 36.5595
427 36.8022
428 32.2443
429 32.6881
430 32.5852
431 31.4132
432 31.4029
433 32.9687
434 33.7243
435 33.7243
436 36.0469
437 36.0469
438 35.0496
439 36.2549
440 35.9079
0 32.8295
1 34.3759
2 33.2384
3 34.2615
4 33.5831
5 33.8838
6 35.8832
7 37.4401
8 36.8464
9 37.8419
10 32.7216
11 35.6228
12 34.3366
13 36.1736
14 32.6138
15 35.4521
16 35.2443
17 34.8204
18 35.8986
19 32.4019
20 36.7157
21 36.9416
22 34.7893
23 36.7515
0 32.8295
1 34.3759
2 33.2384
3 34.2615
4 33.5831
5 33.8838
6 35.8832
7 37.4401
8 36.8464
9 37.8419
10 32.7216
11 35.6228
12 34.3366
13 36.1736
14 32.6138
0 32.8295
1 34.4225
2 31.0965
3 33.2878
4 32.4079
5 33.6576
6 35.5028
7 33.0461
8 36.05
9 36.0566
10 34.9553
11 37.5047
12 38.7312
13 35.1363
14 34.0176
15 37.7459
16 36.1378
17 35.9485
18 35.7854
19 36.9519
20 34.0264
21 37.8784
