#     BLOCK:   VELOCITY:     AVE_POFV:       ERROR:
           1    0.113199      0.2075           0
           1    0.339598     0.96375           0
           1    0.565997     3.16675           0
           1    0.792396     4.08275           0
           1      1.0188     5.88425           0
           1     1.24519      8.2475           0
           1     1.47159     10.5685           0
           1     1.69799     12.1695           0
           1     1.92439     11.7837           0
           1     2.15079     11.0548           0
           1     2.37719     9.96375           0
           1     2.60359     8.00575           0
           1     2.82999     6.29075           0
           1     3.05639      5.1565           0
           1     3.28278     3.06275           0
           1     3.50918       2.766           0
           1     3.73558        1.75           0
           1     3.96198       1.259           0
           1     4.18838     0.54625           0
           1     4.41478      0.2405           0
           1     4.64118      0.0795           0
           1     4.86758     0.42625           0
           1     5.09398     0.22325           0
           1     5.32037     0.10075           0
           1     5.54677           0           0
           1     5.77317           0           0
           1     5.99957           0           0
           1     6.22597           0           0
           1     6.45237           0           0
           1     6.67877           0           0
           2    0.113199    0.159625   0.0338527
           2    0.339598     1.17588    0.149995
           2    0.565997     3.02438    0.100674
           2    0.792396     4.61913    0.379274
           2      1.0188     7.02612    0.807428
           2     1.24519     9.91563     1.17954
           2     1.47159     12.3102      1.2316
           2     1.69799     12.6601    0.346924
           2     1.92439     11.4422    0.241477
           2     2.15079     11.1843   0.0915703
           2     2.37719     8.68938    0.901119
           2     2.60359     7.54588    0.325181
           2     2.82999     5.31137    0.692523
           2     3.05639     4.45288    0.497538
           2     3.28278      2.6125    0.318375
           2     3.50918     2.09362    0.475441
           2     3.73558     1.16975    0.410299
           2     3.96198     1.14463   0.0808753
           2     4.18838     0.33275    0.150967
           2     4.41478     0.20675   0.0238649
           2     4.64118     0.04775   0.0224506
           2     4.86758     0.68675    0.184201
           2     5.09398       0.138   0.0602809
           2     5.32037    0.050375   0.0356205
           2     5.54677           0           0
           2     5.77317           0           0
           2     5.99957           0           0
           2     6.22597           0           0
           2     6.45237           0           0
           2     6.67877           0           0
           3    0.113199    0.237333   0.0673429
           3    0.339598     1.31558    0.151696
           3    0.565997     3.11317   0.0987955
           3    0.792396     4.75525      0.2762
           3      1.0188     7.88767    0.885769
           3     1.24519     11.4359     1.46943
           3     1.47159     12.0099    0.856906
           3     1.69799     12.6991     0.23346
           3     1.92439     11.7677    0.310666
           3     2.15079     10.0645    0.916308
           3     2.37719     8.14033    0.749573
           3     2.60359     7.01633    0.483673
           3     2.82999     5.13392    0.483885
           3     3.05639     4.21033    0.386312
           3     3.28278     2.70242    0.224589
           3     3.50918     1.78617    0.404332
           3     3.73558     1.17192    0.273538
           3     3.96198     1.04592   0.0969669
           3     4.18838       0.537    0.194786
           3     4.41478    0.149833   0.0491202
           3     4.64118     0.09875   0.0442495
           3     4.86758    0.572833     0.15405
           3     5.09398    0.114583   0.0445036
           3     5.32037   0.0335833   0.0274207
           3     5.54677           0           0
           3     5.77317           0           0
           3     5.99957           0           0
           3     6.22597           0           0
           3     6.45237           0           0
           3     6.67877           0           0
           4    0.113199    0.314125   0.0835086
           4    0.339598     1.49331    0.191402
           4    0.565997       3.338    0.208333
           4    0.792396      5.2575     0.48177
           4      1.0188     8.40956      0.8035
           4     1.24519     11.4819     1.10279
           4     1.47159     11.9951    0.642807
           4     1.69799     12.5033    0.243727
           4     1.92439     11.1495    0.583855
           4     2.15079       10.08    0.687362
           4     2.37719     7.76262    0.650418
           4     2.60359     6.76856    0.421466
           4     2.82999     4.91694    0.408676
           4     3.05639      4.0095     0.33793
           4     3.28278     2.98981    0.300533
           4     3.50918     2.10206    0.408415
           4     3.73558     1.29875    0.232708
           4     3.96198      0.8815    0.159886
           4     4.18838    0.449562    0.164548
           4     4.41478    0.124625   0.0428228
           4     4.64118    0.097875   0.0331957
           4     4.86758     0.46475    0.148696
           4     5.09398   0.0859375   0.0415874
           4     5.32037   0.0251875    0.021813
           4     5.54677           0           0
           4     5.77317           0           0
           4     5.99957           0           0
           4     6.22597           0           0
           4     6.45237           0           0
           4     6.67877           0           0
           5    0.113199      0.3623   0.0794973
           5    0.339598      1.5272    0.156093
           5    0.565997      3.4123    0.179427
           5    0.792396     5.86265    0.664463
           5      1.0188      8.6167    0.668966
           5     1.24519     11.8584    0.944342
           5     1.47159     12.0199    0.514725
           5     1.69799     12.6139    0.218656
           5     1.92439     10.9772    0.491837
           5     2.15079      9.6563    0.667829
           5     2.37719     7.56935      0.5483
           5     2.60359     6.36485    0.494037
           5     2.82999      4.8213    0.337946
           5     3.05639      3.6563    0.415796
           5     3.28278      2.9495    0.243115
           5     3.50918     2.18745    0.335539
           5     3.73558       1.319    0.187045
           5     3.96198      0.8141    0.141403
           5     4.18838      0.5337    0.151631
           5     4.41478      0.1636    0.048876
           5     4.64118      0.0838   0.0293894
           5     4.86758      0.4082    0.129263
           5     5.09398      0.1834   0.0933062
           5     5.32037      0.0294   0.0178525
           5     5.54677       0.009  0.00804984
           5     5.77317           0           0
           5     5.99957           0           0
           5     6.22597           0           0
           5     6.45237           0           0
           5     6.67877           0           0
           6    0.113199    0.336708   0.0702463
           6    0.339598     1.52287    0.130137
           6    0.565997     3.62967    0.248457
           6    0.792396     6.19875    0.633041
           6      1.0188      8.4715    0.573013
           6     1.24519     11.8767    0.787129
           6     1.47159      12.045    0.429548
           6     1.69799     12.5069    0.206775
           6     1.92439     10.8866    0.418137
           6     2.15079     9.69188    0.557471
           6     2.37719     7.59521    0.457526
           6     2.60359     6.43383    0.416486
           6     2.82999     4.73312    0.292899
           6     3.05639     3.70442    0.349269
           6     3.28278     2.82367    0.232895
           6     3.50918     2.00162    0.327049
           6     3.73558     1.27492    0.160982
           6     3.96198    0.720583     0.14551
           6     4.18838    0.477792    0.136277
           6     4.41478    0.141792   0.0453351
           6     4.64118    0.151208   0.0662298
           6     4.86758    0.426542    0.109013
           6     5.09398     0.27525    0.114351
           6     5.32037   0.0487083   0.0230652
           6     5.54677   0.0217917   0.0134668
           6     5.77317  0.00291667  0.00266254
           6     5.99957           0           0
           6     6.22597           0           0
           6     6.45237           0           0
           6     6.67877           0           0
           7    0.113199    0.347357   0.0610129
           7    0.339598     1.64461     0.15857
           7    0.565997     3.81214    0.271834
           7    0.792396     6.51886    0.618265
           7      1.0188     8.64646    0.517177
           7     1.24519     11.8542    0.675005
           7     1.47159      11.924    0.384861
           7     1.69799      12.438    0.188358
           7     1.92439     10.8247    0.362957
           7     2.15079     9.69993    0.477891
           7     2.37719     7.53121    0.396615
           7     2.60359     6.15764    0.439118
           7     2.82999     4.72721    0.251116
           7     3.05639     3.61929    0.309575
           7     3.28278     2.85268    0.201423
           7     3.50918     1.91318    0.292042
           7     3.73558     1.18843    0.159535
           7     3.96198     0.65775    0.137622
           7     4.18838    0.454179    0.118837
           7     4.41478    0.142893    0.038872
           7     4.64118    0.171857   0.0599009
           7     4.86758    0.405714   0.0954085
           7     5.09398     0.28625    0.098543
           7     5.32037    0.102036   0.0531828
           7     5.54677   0.0741071   0.0497912
           7     5.77317  0.00535714  0.00321145
           7     5.99957           0           0
           7     6.22597           0           0
           7     6.45237           0           0
           7     6.67877           0           0
           8    0.113199    0.391937   0.0677428
           8    0.339598     1.65369    0.139008
           8    0.565997     3.73812    0.247727
           8    0.792396     6.81672    0.608517
           8      1.0188     8.47269     0.48084
           8     1.24519     11.3663    0.746377
           8     1.47159     11.7089    0.392267
           8     1.69799     12.7706    0.352098
           8     1.92439     11.2418    0.503103
           8     2.15079     9.96047    0.483993
           8     2.37719     7.69694    0.380088
           8     2.60359     5.96688    0.423644
           8     2.82999     4.50969    0.299471
           8     3.05639     3.52916    0.283695
           8     3.28278     2.73687    0.206873
           8     3.50918      1.9075    0.255592
           8     3.73558     1.25909    0.154453
           8     3.96198    0.689125    0.123944
           8     4.18838    0.456844    0.104012
           8     4.41478    0.160969    0.037984
           8     4.64118    0.167094   0.0526023
           8     4.86758    0.357469   0.0948999
           8     5.09398    0.278656   0.0865172
           8     5.32037   0.0928438   0.0473227
           8     5.54677   0.0648438   0.0444206
           8     5.77317   0.0046875  0.00287899
           8     5.99957           0           0
           8     6.22597           0           0
           8     6.45237           0           0
           8     6.67877           0           0
           9    0.113199    0.377083   0.0618229
           9    0.339598     1.64869    0.123652
           9    0.565997     3.80206    0.228302
           9    0.792396     6.80092    0.541109
           9      1.0188     8.52772    0.430551
           9     1.24519     11.0236    0.737941
           9     1.47159     11.5341    0.385688
           9     1.69799      13.017    0.389741
           9     1.92439     11.2023    0.448749
           9     2.15079     10.2708    0.520282
           9     2.37719     7.76111     0.34323
           9     2.60359     6.09056    0.394213
           9     2.82999     4.55925    0.270267
           9     3.05639     3.51531    0.252511
           9     3.28278     2.60978    0.219484
           9     3.50918     1.77556    0.259021
           9     3.73558     1.34278    0.158347
           9     3.96198    0.649472    0.116343
           9     4.18838    0.475028   0.0940314
           9     4.41478    0.155389   0.0341709
           9     4.64118    0.151694   0.0489598
           9     4.86758     0.31775   0.0922937
           9     5.09398    0.247694    0.082258
           9     5.32037   0.0825278   0.0431743
           9     5.54677   0.0576389   0.0400651
           9     5.77317  0.00416667  0.00260579
           9     5.99957           0           0
           9     6.22597           0           0
           9     6.45237           0           0
           9     6.67877           0           0
          10    0.113199    0.344675     0.06357
          10    0.339598      1.5629    0.137875
          10    0.565997      3.7603    0.209256
          10    0.792396     6.55415    0.540344
          10      1.0188     8.70337    0.421807
          10     1.24519     11.1315    0.671984
          10     1.47159     11.5598    0.347973
          10     1.69799     13.0185     0.35077
          10     1.92439      11.283    0.411065
          10     2.15079     10.1437    0.483543
          10     2.37719     7.80955    0.312307
          10     2.60359     6.41873     0.47202
          10     2.82999     4.71857    0.286377
          10     3.05639     3.44952    0.235672
          10     3.28278     2.51077    0.218728
          10     3.50918     1.68032    0.250012
          10     3.73558     1.33135    0.142924
          10     3.96198     0.64405    0.104835
          10     4.18838     0.45665   0.0864055
          10     4.41478      0.1433   0.0328226
          10     4.64118    0.136525   0.0463543
          10     4.86758    0.285975    0.088365
          10     5.09398    0.222925    0.077672
          10     5.32037    0.074275   0.0396378
          10     5.54677    0.051875   0.0364708
          10     5.77317     0.00375  0.00237829
          10     5.99957           0           0
          10     6.22597           0           0
          10     6.45237           0           0
          10     6.67877           0           0
          11    0.113199    0.328636     0.05978
          11    0.339598     1.47032    0.153305
          11    0.565997     3.78975    0.192294
          11    0.792396     6.36557    0.523096
          11      1.0188     8.66918    0.384845
          11     1.24519     11.3272     0.63877
          11     1.47159     11.5043    0.320727
          11     1.69799     12.9263    0.330773
          11     1.92439     11.4232    0.396885
          11     2.15079     10.1892    0.441725
          11     2.37719     7.86998    0.289702
          11     2.60359     6.70214    0.507104
          11     2.82999     4.85698    0.291877
          11     3.05639     3.36127    0.230179
          11     3.28278     2.41207    0.219991
          11     3.50918     1.63127    0.232046
          11     3.73558     1.29739    0.133906
          11     3.96198    0.617114   0.0987042
          11     4.18838    0.422591   0.0849985
          11     4.41478    0.130591   0.0322054
          11     4.64118    0.124114   0.0437703
          11     4.86758    0.259977   0.0840693
          11     5.09398    0.202659    0.073207
          11     5.32037   0.0675227    0.036605
          11     5.54677   0.0471591   0.0334588
          11     5.77317  0.00340909  0.00218638
          11     5.99957           0           0
          11     6.22597           0           0
          11     6.45237           0           0
          11     6.67877           0           0
          12    0.113199    0.304479   0.0594793
          12    0.339598     1.43571    0.144384
          12    0.565997     3.69138    0.199855
          12    0.792396     6.33675    0.480297
          12      1.0188      8.8225    0.382096
          12     1.24519     11.4606    0.599297
          12     1.47159     11.7208    0.359734
          12     1.69799     12.8278    0.317538
          12     1.92439      11.378    0.366384
          12     2.15079     10.3248    0.425215
          12     2.37719     7.74806    0.290081
          12     2.60359     6.62969    0.469992
          12     2.82999     4.82069      0.2698
          12     3.05639     3.35302    0.211145
          12     3.28278     2.35906    0.207946
          12     3.50918      1.6141    0.213343
          12     3.73558     1.28154    0.123681
          12     3.96198    0.645625    0.094507
          12     4.18838    0.443625   0.0804758
          12     4.41478    0.149854   0.0348091
          12     4.64118    0.119583   0.0403566
          12     4.86758    0.238313   0.0798062
          12     5.09398    0.185771    0.069027
          12     5.32037   0.0618958   0.0339843
          12     5.54677   0.0432292   0.0309005
          12     5.77317    0.003125  0.00202255
          12     5.99957           0           0
          12     6.22597           0           0
          12     6.45237           0           0
          12     6.67877           0           0
          13    0.113199    0.284885   0.0580419
          13    0.339598     1.43742    0.133287
          13    0.565997      3.6621    0.186614
          13    0.792396     6.51979    0.476955
          13      1.0188      8.8055    0.353082
          13     1.24519     11.4635    0.553204
          13     1.47159      11.749    0.333165
          13     1.69799     12.6084    0.361033
          13     1.92439     11.2413    0.362797
          13     2.15079     10.3183    0.392556
          13     2.37719      7.8971    0.303647
          13     2.60359     6.64315    0.434032
          13     2.82999     4.94294    0.275356
          13     3.05639     3.37708    0.196269
          13     3.28278     2.40829    0.197691
          13     3.50918     1.59248    0.198025
          13     3.73558     1.20183    0.137476
          13     3.96198    0.625385   0.0893784
          13     4.18838    0.463192   0.0766273
          13     4.41478    0.154558   0.0324477
          13     4.64118    0.110942   0.0381661
          13     4.86758    0.220404     0.07565
          13     5.09398    0.172558   0.0649695
          13     5.32037   0.0571346   0.0317019
          13     5.54677   0.0399038   0.0287019
          13     5.77317  0.00288462   0.0018812
          13     5.99957           0           0
          13     6.22597           0           0
          13     6.45237           0           0
          13     6.67877           0           0
          14    0.113199    0.275839   0.0545963
          14    0.339598     1.47914    0.130132
          14    0.565997     3.65282    0.173515
          14    0.792396     6.46613    0.445896
          14      1.0188     8.79468    0.328028
          14     1.24519     11.5085    0.515518
          14     1.47159     11.6862    0.315231
          14     1.69799     12.5632    0.338064
          14     1.92439     11.1925    0.340147
          14     2.15079     10.3547      0.3662
          14     2.37719     8.07634    0.330656
          14     2.60359     6.71495    0.408924
          14     2.82999     4.93988    0.255704
          14     3.05639      3.3793    0.182262
          14     3.28278     2.37564    0.186246
          14     3.50918     1.54989    0.188404
          14     3.73558     1.19811    0.127707
          14     3.96198    0.616232   0.0834615
          14     4.18838    0.468732   0.0713539
          14     4.41478    0.146518   0.0311102
          14     4.64118    0.103018   0.0362533
          14     4.86758    0.204661   0.0718658
          14     5.09398    0.160232   0.0614869
          14     5.32037   0.0530536    0.029699
          14     5.54677   0.0370536   0.0267929
          14     5.77317  0.00267857  0.00175808
          14     5.99957           0           0
          14     6.22597           0           0
          14     6.45237           0           0
          14     6.67877           0           0
          15    0.113199    0.282817   0.0514005
          15    0.339598     1.54388    0.136615
          15    0.565997     3.82375    0.231291
          15    0.792396     6.48767     0.41669
          15      1.0188     8.76362    0.307626
          15     1.24519     11.5708    0.484898
          15     1.47159     11.7648    0.303866
          15     1.69799     12.4491    0.334242
          15     1.92439     11.0779    0.336227
          15     2.15079     10.1835    0.379687
          15     2.37719     7.93485     0.33753
          15     2.60359     6.72475     0.38178
          15     2.82999     4.92907    0.238886
          15     3.05639      3.4665    0.189827
          15     3.28278     2.39002    0.174383
          15     3.50918     1.62433    0.189982
          15     3.73558     1.23022    0.123164
          15     3.96198       0.626   0.0784669
          15     4.18838     0.45165   0.0686112
          15     4.41478    0.139083   0.0299113
          15     4.64118     0.10235   0.0338426
          15     4.86758    0.192217   0.0681436
          15     5.09398    0.154533   0.0576512
          15     5.32037   0.0495167   0.0279289
          15     5.54677   0.0345833   0.0251203
          15     5.77317      0.0025  0.00164992
          15     5.99957           0           0
          15     6.22597           0           0
          15     6.45237           0           0
          15     6.67877           0           0
          16    0.113199    0.284297   0.0482093
          16    0.339598     1.54714    0.128115
          16    0.565997     3.85423    0.218835
          16    0.792396     6.39063    0.401787
          16      1.0188     8.66272    0.304497
          16     1.24519     11.6077    0.455998
          16     1.47159     11.7932    0.286197
          16     1.69799     12.4003    0.316886
          16     1.92439     11.1383    0.320598
          16     2.15079     10.1835    0.355956
          16     2.37719     7.97786    0.319163
          16     2.60359     6.76955    0.360537
          16     2.82999     4.95644    0.225518
          16     3.05639     3.53925    0.191396
          16     3.28278     2.38966    0.163485
          16     3.50918     1.61422    0.178377
          16     3.73558      1.1925    0.121103
          16     3.96198    0.620766   0.0737371
          16     4.18838    0.443563   0.0647979
          16     4.41478    0.131828   0.0289083
          16     4.64118   0.0959531   0.0323263
          16     4.86758    0.180203    0.064935
          16     5.09398    0.144875   0.0548511
          16     5.32037   0.0464219   0.0263542
          16     5.54677   0.0324219   0.0236431
          16     5.77317  0.00234375  0.00155418
          16     5.99957           0           0
          16     6.22597           0           0
          16     6.45237           0           0
          16     6.67877           0           0
          17    0.113199    0.278132   0.0457659
          17    0.339598     1.53204    0.121465
          17    0.565997     3.84076    0.206377
          17    0.792396     6.38579    0.378182
          17      1.0188     8.61003    0.291108
          17     1.24519      11.621    0.429368
          17     1.47159     11.8117     0.26996
          17     1.69799     12.3813    0.298818
          17     1.92439     11.1066    0.303304
          17     2.15079     10.2748    0.346527
          17     2.37719     7.97472    0.300404
          17     2.60359      6.8569    0.349751
          17     2.82999     4.96884    0.212593
          17     3.05639      3.5909    0.186976
          17     3.28278     2.40487    0.154574
          17     3.50918     1.59596    0.168816
          17     3.73558     1.15035    0.121092
          17     3.96198    0.595926   0.0734643
          17     4.18838    0.422588   0.0642913
          17     4.41478    0.124074   0.0282288
          17     4.64118   0.0903088   0.0309136
          17     4.86758    0.169603   0.0619745
          17     5.09398    0.136353   0.0522824
          17     5.32037   0.0436912    0.024945
          17     5.54677   0.0305147   0.0223291
          17     5.77317  0.00220588  0.00146886
          17     5.99957           0           0
          17     6.22597           0           0
          17     6.45237           0           0
          17     6.67877           0           0
          18    0.113199    0.263847    0.045398
          18    0.339598      1.5154    0.115852
          18    0.565997     3.78231    0.203022
          18    0.792396     6.33668    0.360347
          18      1.0188     8.54986    0.281085
          18     1.24519     11.6198    0.405516
          18     1.47159     11.9059    0.270898
          18     1.69799     12.5359    0.319728
          18     1.92439     11.1535    0.290057
          18     2.15079     10.1849    0.338738
          18     2.37719      7.9189    0.288854
          18     2.60359     6.90494    0.333604
          18     2.82999     5.08685    0.231227
          18     3.05639     3.59682    0.176682
          18     3.28278     2.38411    0.147374
          18     3.50918     1.59547    0.159438
          18     3.73558     1.12363    0.117277
          18     3.96198    0.569444   0.0740022
          18     4.18838    0.407292   0.0625128
          18     4.41478       0.118   0.0273061
          18     4.64118   0.0852917   0.0296005
          18     4.86758    0.160181   0.0592434
          18     5.09398    0.128778   0.0499236
          18     5.32037   0.0412639    0.023677
          18     5.54677   0.0288194   0.0211529
          18     5.77317  0.00208333  0.00139236
          18     5.99957           0           0
          18     6.22597           0           0
          18     6.45237           0           0
          18     6.67877           0           0
          19    0.113199    0.258342   0.0433412
          19    0.339598     1.55645    0.116799
          19    0.565997     3.77013    0.192702
          19    0.792396     6.29039    0.344341
          19      1.0188     8.60705    0.272047
          19     1.24519     11.5792    0.386192
          19     1.47159     11.9289    0.257615
          19     1.69799     12.4953    0.305469
          19     1.92439     11.1946    0.277696
          19     2.15079     10.1382    0.324116
          19     2.37719     7.95504    0.275902
          19     2.60359     6.86671    0.318229
          19     2.82999     5.09413    0.219172
          19     3.05639     3.71053    0.200664
          19     3.28278     2.35763    0.141976
          19     3.50918      1.5725    0.152693
          19     3.73558     1.12792    0.111183
          19     3.96198    0.549421   0.0727659
          19     4.18838    0.405158   0.0592591
          19     4.41478    0.116539   0.0259079
          19     4.64118   0.0826579   0.0281595
          19     4.86758    0.152697   0.0565959
          19     5.09398       0.122   0.0477539
          19     5.32037   0.0390921   0.0225302
          19     5.54677   0.0273026   0.0200939
          19     5.77317  0.00197368  0.00132339
          19     5.99957           0           0
          19     6.22597           0           0
          19     6.45237           0           0
          19     6.67877           0           0
          20    0.113199    0.253387   0.0414563
          20    0.339598     1.51136    0.119344
          20    0.565997     3.72515    0.188243
          20    0.792396     6.27141    0.327647
          20      1.0188     8.67781    0.267489
          20     1.24519     11.5427    0.368608
          20     1.47159     12.1219    0.308649
          20     1.69799     12.5249    0.291627
          20     1.92439     11.1794    0.264228
          20     2.15079     10.0968    0.310545
          20     2.37719     7.90205    0.267147
          20     2.60359     6.85143    0.302685
          20     2.82999     5.03661    0.215629
          20     3.05639     3.72114    0.190911
          20     3.28278     2.41054    0.144399
          20     3.50918     1.57614    0.145102
          20     3.73558     1.12503    0.105662
          20     3.96198     0.54845   0.0691341
          20     4.18838    0.385625   0.0594282
          20     4.41478    0.125375   0.0260757
          20     4.64118      0.0849   0.0268407
          20     4.86758     0.14705   0.0540472
          20     5.09398      0.1159   0.0457541
          20     5.32037   0.0371375   0.0214883
          20     5.54677   0.0259375   0.0191355
          20     5.77317    0.001875  0.00126089
          20     5.99957           0           0
          20     6.22597           0           0
          20     6.45237           0           0
          20     6.67877           0           0
          21    0.113199     0.25069   0.0395699
          21    0.339598     1.51982     0.11396
          21    0.565997     3.81443    0.199329
          21    0.792396     6.26826     0.31206
          21      1.0188     8.64012    0.257393
          21     1.24519     11.5823     0.35318
          21     1.47159     12.1562    0.295848
          21     1.69799     12.3913    0.306816
          21     1.92439      11.154    0.252861
          21     2.15079     10.2018    0.312994
          21     2.37719     7.91387    0.254687
          21     2.60359     6.75635    0.302837
          21     2.82999     5.03012    0.205459
          21     3.05639     3.68136    0.185918
          21     3.28278     2.46175    0.146323
          21     3.50918     1.61131    0.142391
          21     3.73558     1.10825    0.101953
          21     3.96198    0.557595   0.0664441
          21     4.18838    0.378381   0.0570381
          21     4.41478    0.125607    0.024835
          21     4.64118   0.0842143   0.0255713
          21     4.86758    0.140048   0.0519251
          21     5.09398    0.110381    0.043907
          21     5.32037    0.035369   0.0205377
          21     5.54677   0.0247024   0.0182641
          21     5.77317  0.00178571    0.001204
          21     5.99957           0           0
          21     6.22597           0           0
          21     6.45237           0           0
          21     6.67877           0           0
          22    0.113199    0.256739   0.0382307
          22    0.339598     1.51689    0.108818
          22    0.565997      3.8163    0.190278
          22    0.792396     6.25215    0.298291
          22      1.0188     8.70445    0.253607
          22     1.24519     11.5592    0.337883
          22     1.47159     12.1463    0.282565
          22     1.69799     12.3563     0.29486
          22     1.92439     11.2014    0.245761
          22     2.15079     10.1932    0.298885
          22     2.37719     7.97731    0.250887
          22     2.60359     6.73589    0.289762
          22     2.82999     5.02664    0.196149
          22     3.05639     3.64355    0.181272
          22     3.28278     2.45358    0.139899
          22     3.50918     1.58757    0.137884
          22     3.73558       1.083    0.100397
          22     3.96198    0.584659    0.068715
          22     4.18838     0.39642   0.0572271
          22     4.41478    0.130057   0.0241015
          22     4.64118   0.0803864   0.0246938
          22     4.86758    0.133682   0.0499536
          22     5.09398    0.105364   0.0421969
          22     5.32037   0.0337614    0.019667
          22     5.54677   0.0235795   0.0174684
          22     5.77317  0.00170455  0.00115201
          22     5.99957           0           0
          22     6.22597           0           0
          22     6.45237           0           0
          22     6.67877           0           0
          23    0.113199    0.256141   0.0365731
          23    0.339598     1.52289    0.104252
          23    0.565997      3.8446    0.184097
          23    0.792396     6.21637    0.287459
          23      1.0188     8.76716    0.250213
          23     1.24519     11.4846    0.331329
          23     1.47159     12.1899    0.273625
          23     1.69799     12.4482    0.295999
          23     1.92439      11.116    0.249472
          23     2.15079     10.2086    0.286288
          23     2.37719     7.94599    0.241925
          23     2.60359     6.67187    0.284147
          23     2.82999     5.04502     0.18848
          23     3.05639     3.68663    0.178437
          23     3.28278     2.49991    0.141281
          23     3.50918     1.58089     0.13205
          23     3.73558     1.05597   0.0996048
          23     3.96198     0.57813   0.0660368
          23     4.18838    0.385587   0.0557549
          23     4.41478    0.132022   0.0231335
          23     4.64118   0.0784565   0.0236955
          23     4.86758     0.12787   0.0481186
          23     5.09398    0.100783   0.0406102
          23     5.32037   0.0322935   0.0188666
          23     5.54677   0.0225543    0.016739
          23     5.77317  0.00163043   0.0011043
          23     5.99957           0           0
          23     6.22597           0           0
          23     6.45237           0           0
          23     6.67877           0           0
          24    0.113199      0.2495   0.0356471
          24    0.339598     1.50279    0.101827
          24    0.565997     3.83054    0.176963
          24    0.792396     6.24993    0.277434
          24      1.0188     8.84356    0.251181
          24     1.24519     11.3731    0.335759
          24     1.47159     12.1806    0.262383
          24     1.69799      12.427    0.284423
          24     1.92439     11.1975    0.252052
          24     2.15079     10.1899    0.274971
          24     2.37719     7.96291    0.232436
          24     2.60359     6.62665    0.275883
          24     2.82999     5.09933     0.18829
          24     3.05639      3.7115    0.172727
          24     3.28278     2.52706    0.137978
          24     3.50918     1.56746     0.12723
          24     3.73558      1.0352    0.097596
          24     3.96198    0.578083   0.0632853
          24     4.18838    0.371937   0.0550772
          24     4.41478    0.127073   0.0226928
          24     4.64118   0.0751875   0.0229325
          24     4.86758    0.122542   0.0464077
          24     5.09398   0.0965833   0.0391346
          24     5.32037   0.0309479   0.0181284
          24     5.54677   0.0216146   0.0160679
          24     5.77317   0.0015625  0.00106038
          24     5.99957           0           0
          24     6.22597           0           0
          24     6.45237           0           0
          24     6.67877           0           0
          25    0.113199     0.24514   0.0344869
          25    0.339598     1.50399   0.0977614
          25    0.565997     3.83381    0.169914
          25    0.792396     6.27202    0.267215
          25      1.0188     8.85509    0.241398
          25     1.24519     11.3503    0.323103
          25     1.47159     12.0906    0.266862
          25     1.69799     12.4162    0.273248
          25     1.92439     11.4047    0.315822
          25     2.15079     10.1851    0.264013
          25     2.37719     7.93347    0.224995
          25     2.60359     6.63769    0.265068
          25     2.82999     5.06447    0.183957
          25     3.05639     3.66141    0.172928
          25     3.28278      2.5559    0.135439
          25     3.50918     1.53755    0.125607
          25     3.73558     1.04096   0.0938621
          25     3.96198     0.57581   0.0607947
          25     4.18838     0.36481   0.0533333
          25     4.41478     0.12487   0.0218917
          25     4.64118     0.07233   0.0221925
          25     4.86758     0.12325   0.0445568
          25     5.09398     0.09607   0.0375726
          25     5.32037     0.03004    0.017426
          25     5.54677     0.02289   0.0154757
          25     5.77317      0.0015   0.0010198
          25     5.99957           0           0
          25     6.22597           0           0
          25     6.45237           0           0
          25     6.67877           0           0
          26    0.113199    0.243135   0.0332187
          26    0.339598     1.54105    0.100781
          26    0.565997     3.83038    0.163414
          26    0.792396     6.29715    0.258116
          26      1.0188     8.84563    0.232298
          26     1.24519     11.3335    0.311109
          26     1.47159     12.0843    0.256673
          26     1.69799     12.4072     0.26289
          26     1.92439     11.3722    0.305339
          26     2.15079     10.2424    0.259997
          26     2.37719     7.95018    0.216961
          26     2.60359     6.61729    0.255657
          26     2.82999     5.03229    0.179675
          26     3.05639     3.67023    0.166502
          26     3.28278     2.57992    0.132344
          26     3.50918     1.52874    0.121084
          26     3.73558     1.02736   0.0912326
          26     3.96198    0.585817   0.0592744
          26     4.18838    0.357856   0.0517335
          26     4.41478    0.120606    0.021461
          26     4.64118   0.0695481   0.0215126
          26     4.86758     0.11851   0.0430945
          26     5.09398    0.092375   0.0363087
          26     5.32037   0.0288846   0.0167941
          26     5.54677   0.0220096   0.0149055
          26     5.77317  0.00144231 0.000982211
          26     5.99957           0           0
          26     6.22597           0           0
          26     6.45237           0           0
          26     6.67877           0           0
          27    0.113199    0.238593   0.0322974
          27    0.339598     1.56474   0.0997942
          27    0.565997     3.81373    0.158207
          27    0.792396      6.3192    0.249497
          27      1.0188     8.84725      0.2237
          27     1.24519     11.2891    0.302738
          27     1.47159     12.0731    0.247412
          27     1.69799     12.4013     0.25322
          27     1.92439     11.3751    0.294043
          27     2.15079     10.2807    0.253174
          27     2.37719     7.98503    0.211705
          27     2.60359     6.63243    0.246636
          27     2.82999     5.04215    0.173291
          27     3.05639     3.62329    0.166822
          27     3.28278     2.59907     0.12882
          27     3.50918     1.53394    0.116711
          27     3.73558      1.0095   0.0895839
          27     3.96198    0.570259   0.0590856
          27     4.18838    0.360361    0.049878
          27     4.41478     0.11988   0.0206785
          27     4.64118   0.0679074   0.0207783
          27     4.86758     0.11412   0.0417214
          27     5.09398   0.0889537   0.0351248
          27     5.32037   0.0278148   0.0162061
          27     5.54677   0.0211944   0.0143757
          27     5.77317  0.00138889 0.000947285
          27     5.99957           0           0
          27     6.22597           0           0
          27     6.45237           0           0
          27     6.67877           0           0
          28    0.113199    0.230687   0.0320968
          28    0.339598     1.53271    0.101239
          28    0.565997     3.79113    0.154164
          28    0.792396     6.31206    0.240688
          28      1.0188     8.81899    0.217489
          28     1.24519      11.288    0.291928
          28     1.47159     12.1308    0.245211
          28     1.69799     12.3879    0.244527
          28     1.92439     11.3888    0.283862
          28     2.15079     10.3687     0.25897
          28     2.37719     8.01622     0.20643
          28     2.60359     6.63638    0.237859
          28     2.82999     5.02143    0.168336
          28     3.05639     3.60109    0.162334
          28     3.28278     2.61029    0.124707
          28     3.50918     1.52395    0.112969
          28     3.73558    0.993848   0.0877412
          28     3.96198    0.553491    0.059307
          28     4.18838    0.349562   0.0492518
          28     4.41478    0.134134   0.0243625
          28     4.64118   0.0654821   0.0201773
          28     4.86758    0.110045   0.0404299
          28     5.09398   0.0857768   0.0340137
          28     5.32037   0.0268214   0.0156577
          28     5.54677   0.0204375   0.0138822
          28     5.77317  0.00133929 0.000914751
          28     5.99957           0           0
          28     6.22597           0           0
          28     6.45237           0           0
          28     6.67877           0           0
          29    0.113199    0.225784   0.0313622
          29    0.339598     1.50971    0.100328
          29    0.565997     3.75525    0.152965
          29    0.792396     6.26059     0.23783
          29      1.0188     8.83359    0.210479
          29     1.24519     11.2995    0.282088
          29     1.47159      12.257    0.267299
          29     1.69799      12.386    0.236103
          29     1.92439     11.3793    0.274232
          29     2.15079     10.3189    0.254788
          29     2.37719     8.03234     0.19994
          29     2.60359     6.64853    0.229968
          29     2.82999     5.00768    0.163092
          29     3.05639     3.61572    0.157394
          29     3.28278     2.62085    0.120853
          29     3.50918     1.50803    0.110189
          29     3.73558    0.974629   0.0867949
          29     3.96198    0.565457   0.0584566
          29     4.18838    0.359638   0.0485731
          29     4.41478    0.139052   0.0240136
          29     4.64118   0.0647845   0.0194936
          29     4.86758    0.107914   0.0390919
          29     5.09398    0.082819   0.0329691
          29     5.32037   0.0258966   0.0151451
          29     5.54677   0.0197328   0.0134214
          29     5.77317   0.0012931 0.000884373
          29     5.99957           0           0
          29     6.22597           0           0
          29     6.45237           0           0
          29     6.67877           0           0
          30    0.113199    0.223325   0.0304131
          30    0.339598     1.50814    0.096996
          30    0.565997     3.71828    0.152268
          30    0.792396     6.26731    0.229997
          30      1.0188     8.82879    0.203518
          30     1.24519     11.3152    0.273121
          30     1.47159     12.2533    0.258415
          30     1.69799     12.4442    0.235294
          30     1.92439     11.4591    0.276466
          30     2.15079     10.3111    0.246413
          30     2.37719     8.00955     0.19457
          30     2.60359     6.62763    0.223249
          30     2.82999     4.98562    0.159141
          30     3.05639     3.57821    0.156555
          30     3.28278     2.61502    0.116965
          30     3.50918     1.49227    0.107637
          30     3.73558    0.970692   0.0839911
          30     3.96198     0.59255   0.0624718
          30     4.18838    0.365358   0.0472896
          30     4.41478     0.14155   0.0233428
          30     4.64118     0.06305   0.0189208
          30     4.86758    0.104317   0.0379539
          30     5.09398   0.0800583   0.0319855
          30     5.32037   0.0250333   0.0146648
          30     5.54677    0.019075   0.0129901
          30     5.77317     0.00125 0.000855943
          30     5.99957           0           0
          30     6.22597           0           0
          30     6.45237           0           0
          30     6.67877           0           0
          31    0.113199    0.216629   0.0301602
          31    0.339598     1.51045   0.0938946
          31    0.565997      3.7337    0.148134
          31    0.792396      6.2756    0.222727
          31      1.0188     8.81339    0.197535
          31     1.24519     11.2546     0.27095
          31     1.47159     12.2563    0.250096
          31     1.69799     12.4665    0.228761
          31     1.92439     11.4739    0.267944
          31     2.15079      10.281    0.240292
          31     2.37719     8.05265    0.193007
          31     2.60359     6.65307    0.217492
          31     2.82999     4.98477    0.154009
          31     3.05639     3.59693     0.15262
          31     3.28278     2.60312    0.113796
          31     3.50918      1.4812    0.104733
          31     3.73558    0.958831   0.0821149
          31     3.96198    0.600258   0.0609303
          31     4.18838    0.364919   0.0457662
          31     4.41478    0.138403   0.0228009
          31     4.64118   0.0614113   0.0183813
          31     4.86758    0.100952   0.0368785
          31     5.09398   0.0774758   0.0310578
          31     5.32037   0.0242258    0.014214
          31     5.54677   0.0184597   0.0125856
          31     5.77317  0.00120968 0.000829281
          31     5.99957           0           0
          31     6.22597           0           0
          31     6.45237           0           0
          31     6.67877           0           0
          32    0.113199    0.215055   0.0292587
          32    0.339598     1.53241   0.0934937
          32    0.565997     3.76505    0.146784
          32    0.792396     6.30825    0.218146
          32      1.0188     8.81407    0.191363
          32     1.24519     11.1689    0.275688
          32     1.47159      12.235    0.243188
          32     1.69799     12.5256    0.229125
          32     1.92439     11.3937    0.271311
          32     2.15079      10.298    0.233384
          32     2.37719      8.1081     0.19478
          32     2.60359     6.64557    0.210825
          32     2.82999     4.99395     0.14947
          32     3.05639     3.57809    0.149009
          32     3.28278      2.5957    0.110481
          32     3.50918     1.48859     0.10172
          32     3.73558    0.946359   0.0804903
          32     3.96198    0.597219   0.0591019
          32     4.18838    0.367836   0.0444288
          32     4.41478     0.13807   0.0220908
          32     4.64118   0.0655547   0.0182679
          32     4.86758     0.10125   0.0357273
          32     5.09398   0.0750547   0.0301815
          32     5.32037   0.0234688   0.0137899
          32     5.54677   0.0178828   0.0122056
          32     5.77317  0.00117188 0.000804228
          32     5.99957           0           0
          32     6.22597           0           0
          32     6.45237           0           0
          32     6.67877           0           0
          33    0.113199    0.213447   0.0284162
          33    0.339598     1.56038   0.0947505
          33    0.565997     3.81803    0.151597
          33    0.792396     6.27067    0.214748
          33      1.0188     8.79534    0.186478
          33     1.24519     11.1182    0.271953
          33     1.47159     12.2576    0.236867
          33     1.69799     12.5237     0.22219
          33     1.92439      11.367    0.264405
          33     2.15079     10.3019    0.226343
          33     2.37719     8.14323    0.192019
          33     2.60359      6.6947    0.210082
          33     2.82999     4.96481    0.147753
          33     3.05639     3.56412    0.145147
          33     3.28278     2.60196     0.10731
          33     3.50918     1.49383   0.0987728
          33     3.73558    0.934121   0.0789761
          33     3.96198     0.58253    0.059108
          33     4.18838    0.364295   0.0432233
          33     4.41478    0.147667   0.0234131
          33     4.64118   0.0692045   0.0180753
          33     4.86758   0.0987576   0.0347314
          33     5.09398   0.0732955   0.0293181
          33     5.32037   0.0227576   0.0133904
          33     5.54677   0.0173409   0.0118477
          33     5.77317  0.00113636 0.000780641
          33     5.99957           0           0
          33     6.22597           0           0
          33     6.45237           0           0
          33     6.67877           0           0
          34    0.113199    0.212331   0.0276024
          34    0.339598     1.54063   0.0939988
          34    0.565997      3.7829    0.151153
          34    0.792396     6.27749     0.20854
          34      1.0188     8.83323    0.184802
          34     1.24519     11.1461     0.26538
          34     1.47159     12.2444    0.230263
          34     1.69799     12.5295    0.215731
          34     1.92439     11.3806    0.256978
          34     2.15079     10.3208     0.22048
          34     2.37719      8.1596    0.187067
          34     2.60359     6.67629    0.204708
          34     2.82999     4.96932    0.143476
          34     3.05639     3.55722    0.141041
          34     3.28278     2.57513    0.107456
          34     3.50918     1.49545   0.0958809
          34     3.73558    0.942794    0.077128
          34     3.96198     0.58214   0.0573709
          34     4.18838    0.355471   0.0428435
          34     4.41478    0.144309    0.022964
          34     4.64118   0.0671691   0.0176579
          34     4.86758   0.0958529   0.0338312
          34     5.09398   0.0711397    0.028535
          34     5.32037   0.0220882   0.0130133
          34     5.54677   0.0168309   0.0115102
          34     5.77317  0.00110294 0.000758396
          34     5.99957           0           0
          34     6.22597           0           0
          34     6.45237           0           0
          34     6.67877           0           0
          35    0.113199      0.2169   0.0271893
          35    0.339598     1.54072   0.0913132
          35    0.565997      3.7806    0.146852
          35    0.792396     6.30671    0.204619
          35      1.0188      8.8305    0.179542
          35     1.24519     11.1458    0.257798
          35     1.47159     12.2672    0.224808
          35     1.69799     12.5205    0.209758
          35     1.92439     11.3721    0.249776
          35     2.15079     10.2697    0.220026
          35     2.37719     8.14186    0.182561
          35     2.60359     6.66432    0.199209
          35     2.82999     4.94227    0.141904
          35     3.05639     3.60986    0.146505
          35     3.28278     2.62174    0.114045
          35     3.50918     1.52516   0.0976356
          35     3.73558      0.9251   0.0769272
          35     3.96198    0.566743   0.0577608
          35     4.18838    0.345693   0.0427205
          35     4.41478    0.140186    0.022675
          35     4.64118     0.06525   0.0172573
          35     4.86758   0.0931143   0.0329752
          35     5.09398   0.0691071    0.027792
          35     5.32037   0.0214571   0.0126568
          35     5.54677     0.01635   0.0111914
          35     5.77317  0.00107143 0.000737382
          35     5.99957           0           0
          35     6.22597           0           0
          35     6.45237           0           0
          35     6.67877           0           0
          36    0.113199    0.214361   0.0265523
          36    0.339598     1.54848   0.0891057
          36    0.565997     3.78686    0.142906
          36    0.792396     6.28017    0.200649
          36      1.0188     8.81526    0.175201
          36     1.24519     11.1496    0.250665
          36     1.47159      12.269     0.21857
          36     1.69799     12.5365    0.204543
          36     1.92439     11.4131    0.246185
          36     2.15079     10.2669    0.213932
          36     2.37719     8.13086    0.177821
          36     2.60359     6.67547    0.193987
          36     2.82999     4.92882    0.138598
          36     3.05639     3.59306    0.143395
          36     3.28278     2.62364    0.110893
          36     3.50918     1.52837   0.0949765
          36     3.73558    0.936938   0.0756956
          36     3.96198    0.562486    0.056313
          36     4.18838    0.342632   0.0416434
          36     4.41478    0.138542   0.0221047
          36     4.64118   0.0634375   0.0168729
          36     4.86758   0.0905278   0.0321605
          36     5.09398   0.0671875   0.0270862
          36     5.32037   0.0208611   0.0123192
          36     5.54677   0.0158958   0.0108897
          36     5.77317  0.00104167 0.000717499
          36     5.99957           0           0
          36     6.22597           0           0
          36     6.45237           0           0
          36     6.67877           0           0
          37    0.113199    0.209588   0.0262602
          37    0.339598      1.5433   0.0868475
          37    0.565997     3.83295    0.146288
          37    0.792396      6.2333    0.200626
          37      1.0188      8.7808     0.17382
          37     1.24519     11.1705    0.244762
          37     1.47159      12.307    0.215952
          37     1.69799     12.5671    0.201295
          37     1.92439     11.4051    0.239663
          37     2.15079     10.3244    0.215715
          37     2.37719     8.12639    0.173072
          37     2.60359     6.63468    0.192983
          37     2.82999     4.89214    0.139621
          37     3.05639     3.58973    0.139558
          37     3.28278     2.60661    0.109194
          37     3.50918     1.53786   0.0928825
          37     3.73558    0.937095   0.0736499
          37     3.96198    0.556392   0.0551198
          37     4.18838    0.349318    0.041051
          37     4.41478     0.14148   0.0217016
          37     4.64118   0.0640473   0.0164279
          37     4.86758   0.0880811   0.0313843
          37     5.09398   0.0653716   0.0264149
          37     5.32037   0.0202973   0.0119992
          37     5.54677   0.0154662   0.0106039
          37     5.77317  0.00101351 0.000698659
          37     5.99957           0           0
          37     6.22597           0           0
          37     6.45237           0           0
          37     6.67877           0           0
          38    0.113199    0.211316   0.0256259
          38    0.339598     1.53873   0.0846824
          38    0.565997     3.80264    0.145544
          38    0.792396     6.24037    0.195471
          38      1.0188     8.78742    0.169372
          38     1.24519     11.1773    0.238415
          38     1.47159     12.2376    0.221156
          38     1.69799      12.634    0.206816
          38     1.92439     11.3651    0.236665
          38     2.15079     10.3658    0.213991
          38     2.37719     8.14722    0.169766
          38     2.60359      6.6483    0.188384
          38     2.82999     4.86359    0.138835
          38     3.05639     3.57718    0.136449
          38     3.28278     2.62584       0.108
          38     3.50918     1.52844   0.0909151
          38     3.73558    0.927645   0.0723155
          38     3.96198    0.568309   0.0549425
          38     4.18838    0.362454     0.04202
          38     4.41478    0.143105   0.0211913
          38     4.64118   0.0623618   0.0160818
          38     4.86758   0.0857632   0.0306438
          38     5.09398   0.0636513   0.0257758
          38     5.32037   0.0197632   0.0116953
          38     5.54677   0.0150592   0.0103326
          38     5.77317 0.000986842 0.000680783
          38     5.99957           0           0
          38     6.22597           0           0
          38     6.45237           0           0
          38     6.67877           0           0
          39    0.113199    0.216282   0.0254455
          39    0.339598       1.547   0.0829139
          39    0.565997     3.82474    0.143479
          39    0.792396      6.2478      0.1906
          39      1.0188     8.81278    0.166917
          39     1.24519      11.167    0.232526
          39     1.47159      12.213    0.216844
          39     1.69799     12.6026    0.203878
          39     1.92439     11.2971    0.240179
          39     2.15079     10.3377    0.210341
          39     2.37719     8.19304    0.171486
          39     2.60359     6.67921    0.186072
          39     2.82999     4.88708    0.137248
          39     3.05639     3.55799    0.134293
          39     3.28278     2.61349    0.105935
          39     3.50918     1.52631   0.0886088
          39     3.73558    0.944885   0.0724871
          39     3.96198    0.574474   0.0538785
          39     4.18838    0.371538   0.0419131
          39     4.41478    0.141551   0.0207049
          39     4.64118   0.0608782   0.0157377
          39     4.86758   0.0852179   0.0298629
          39     5.09398   0.0626731   0.0251334
          39     5.32037   0.0195833   0.0113968
          39     5.54677   0.0150641   0.0100677
          39     5.77317 0.000961538 0.000663797
          39     5.99957           0           0
          39     6.22597           0           0
          39     6.45237           0           0
          39     6.67877           0           0
          40    0.113199    0.211644   0.0252286
          40    0.339598     1.54974   0.0808862
          40    0.565997     3.82936    0.139967
          40    0.792396     6.27435    0.187675
          40      1.0188     8.83656    0.164429
          40     1.24519      11.171    0.226748
          40     1.47159      12.155    0.219034
          40     1.69799     12.5397    0.208263
          40     1.92439     11.3139    0.234764
          40     2.15079     10.3473    0.205302
          40     2.37719     8.20433     0.16757
          40     2.60359     6.67934     0.18142
          40     2.82999     4.91884    0.137441
          40     3.05639     3.52439    0.135073
          40     3.28278     2.60286    0.103819
          40     3.50918      1.5091   0.0880498
          40     3.73558    0.955119   0.0713937
          40     3.96198    0.610919   0.0636753
          40     4.18838    0.378575   0.0414517
          40     4.41478    0.147794   0.0211073
          40     4.64118   0.0597937   0.0153816
          40     4.86758   0.0831375   0.0291887
          40     5.09398   0.0622438   0.0245087
          40     5.32037   0.0192625   0.0111164
          40     5.54677   0.0146875  0.00982306
          40     5.77317   0.0009375 0.000647637
          40     5.99957           0           0
          40     6.22597           0           0
          40     6.45237           0           0
          40     6.67877           0           0
