0 440.672
1 417.909
2 405.147
3 395.605
4 384.271
5 370.753
6 360.677
7 354.939
8 348.007
9 343.7
10 338.108
11 336.147
12 334.874
13 331.362
14 325.449
15 318.012
16 315.142
17 308.851
18 302.138
19 293.572
20 290.334
21 287.741
22 280.169
23 278.045
24 275.764
25 270.591
26 268.562
27 265.931
28 258.931
29 253.775
30 246.74
31 239.843
32 235.678
33 234.123
34 230.367
35 227.727
36 225.768
37 226.137
38 224.745
39 224.044
40 220.229
41 216.798
42 213.911
43 211.802
44 210.862
45 211.368
46 210.415
47 210.043
48 210.789
49 210.258
50 208.599
51 207.255
52 205.058
53 203.823
54 203.939
55 203.885
56 203.386
57 201.674
58 200.32
59 198.06
60 196.768
61 195.807
62 194.894
63 194.448
64 193.573
65 192.039
66 191.259
67 189.476
68 185.771
69 183.725
70 181.541
71 179.302
72 179.323
73 179.527
74 178.578
75 177.302
76 176.862
77 176.535
78 176.763
79 175.861
80 175.502
81 174.047
82 172.822
83 172.331
84 171.946
85 171.902
86 171.126
87 171.792
88 169.867
89 169.26
90 168.42
91 167.584
92 166.253
93 165.27
94 164.992
95 165.18
96 164.386
97 165.354
98 165.612
99 164.193
100 164.143
101 163.5
102 160.561
103 155.784
104 153.836
105 152.271
106 152.255
107 152.142
108 151.984
109 151.219
110 151.079
111 150.973
112 150.488
113 148.087
114 146.508
115 145.976
116 145.917
117 145.914
118 146.162
119 145.052
120 145.702
121 144.474
122 144.534
123 145.007
124 144.779
125 143.831
126 142.711
127 141.551
128 141.423
129 140.93
130 141.102
131 140.915
132 140.819
133 140.39
134 141.062
135 140.623
136 141.657
137 141.297
138 141.764
139 142.159
140 141.766
141 141.299
142 141.866
143 140.318
144 138.774
145 139.147
146 140.318
147 139.628
148 137.863
149 137.786
150 137.469
151 138.211
152 138.046
153 137.437
154 137.546
155 137.744
156 138.199
157 137.522
158 137.133
159 137.809
160 136.142
161 137.527
162 138.257
163 139.392
164 139.927
165 139.541
166 137.892
167 137.645
168 137.032
169 136.007
170 136.074
171 136.112
172 135.513
173 135.278
174 135.867
175 135.623
176 136.685
177 135.874
178 135.465
179 134.898
180 135.285
181 135.803
182 136.102
183 135.189
184 135.252
185 135.972
186 135.104
187 134.395
188 134.364
189 133.53
190 133.235
191 132.46
192 132.426
193 131.913
194 132.412
195 131.013
196 131.1
197 131.921
198 131.202
199 130.428
200 130.066
201 130.488
202 129.694
203 130.471
204 129.999
205 129.254
206 129.402
207 128.557
208 128.455
209 128.318
210 128.042
211 128.042
212 127.87
213 127.802
214 127.779
215 127.117
216 126.403
217 128.009
218 128.752
219 128.379
220 128.493
221 126.512
222 125.944
223 125.796
224 125.113
225 124.584
226 125.579
227 125.244
228 125.094
229 124.334
230 124.761
231 124.161
232 122.834
233 122.736
234 122.357
235 122.187
236 121.734
237 121.641
238 121.848
239 121.237
240 121.189
241 121.314
242 120.527
243 120.717
244 121.055
245 120.01
246 119.539
247 118.442
248 117.858
249 117.83
250 118.761
251 118.273
252 118.123
253 118.152
254 118.324
255 117.742
256 117.388
257 117.27
258 117.389
259 117.395
260 117.657
261 117.46
262 117.231
263 117.103
264 117.187
265 117.749
266 118.086
267 117.311
268 117.864
269 117.045
270 117.36
271 115.896
272 115.864
273 115.766
274 115.94
275 115.698
276 114.954
277 114.952
278 114.896
279 115.126
280 115.266
281 115.519
282 115.227
283 115.221
284 115.667
285 114.96
286 115.035
287 114.795
288 115.492
289 114.85
290 115.245
291 114.182
292 114.242
293 114.568
294 114.101
295 113.917
296 113.967
297 114.334
298 115.334
299 113.84
0 451.65
1 438.918
2 408.779
3 390.317
4 381.579
5 372.643
6 368.096
7 362.078
8 353.8
9 342.669
10 337.246
11 334.154
12 332.569
13 330.014
14 327.708
15 322.622
16 317.309
17 312.068
18 305.989
19 303.987
20 301.844
21 298.779
22 294.329
23 291.035
24 283.553
25 273.519
26 267.987
27 264.139
28 260.564
29 255.661
30 251.502
31 249.71
32 246.372
33 246.864
34 243.734
35 239.329
36 237.205
37 238.051
38 236.177
39 235.534
40 233.441
41 231.023
42 228.34
43 226.589
44 225.348
45 224.116
46 224.247
47 223.905
48 223.371
49 223.188
50 222.441
51 221.107
52 220.945
53 221.509
54 221.801
55 220.737
56 221.083
57 219.38
58 220.226
59 220.314
60 218.464
61 217.626
62 216.922
63 215.334
64 214.193
65 213.851
66 211.475
67 210.061
68 209.516
69 208.787
70 209.006
71 208.08
72 206.264
73 204.45
74 205.615
75 204.598
76 203.741
77 203.192
78 203.498
79 203.446
80 201.722
81 200.897
82 200.191
83 199.952
84 198.733
85 196.32
86 194.119
87 193.58
88 192.683
89 191.895
90 190.446
91 190.394
92 190.658
93 191.079
94 189.827
95 189.482
96 188.84
97 189.016
98 188.768
99 188.087
100 188.924
101 191.069
102 189.425
103 187.084
104 186.433
105 183.737
106 183.954
107 183.807
108 183.389
109 184.186
110 184.175
111 184.491
112 184.92
113 186.407
114 185.545
115 185.001
116 184.637
117 183.515
118 184.15
119 183.938
120 184.845
121 184.86
122 183.224
123 181.001
124 178.906
125 175.557
126 173.909
127 173.416
128 171.861
129 169.803
130 169.989
131 169.766
132 169.452
133 168.57
134 166.688
135 165.17
136 164.671
137 163.978
138 164.589
139 162.475
140 163.881
141 163.093
142 163.51
143 162.268
144 162.566
145 161.164
146 160.36
147 159.518
148 159.712
149 158.221
150 157.677
151 157.03
152 156.434
153 157.043
154 156.43
155 154.566
156 154.966
157 154.99
158 154.097
159 153.659
160 153.091
161 152.48
162 152.85
163 152.02
164 151.563
165 150.473
166 150.711
167 150.832
168 149.394
169 147.947
170 146.78
171 145.991
172 146.516
173 147.17
174 145.338
175 144.312
176 143.592
177 142.528
178 142.877
179 142.845
180 142.765
181 141.853
182 141.665
183 143.108
184 141.925
185 142.86
186 142.32
187 141.415
188 142.077
189 143.926
190 145.718
191 144.412
192 144.605
193 144.547
194 143.965
195 141.202
196 140.711
197 139.126
198 139.083
199 138.858
200 138.922
201 138.977
202 137.25
203 136.392
204 136.968
205 136.237
206 136.199
207 135.46
208 134.854
209 135.575
210 135.176
211 135.14
212 135.926
213 135.921
214 135.26
215 135.122
216 134.717
217 134.666
218 134.357
219 134.461
220 133.3
221 133.462
222 132.451
223 132.232
224 133.346
225 133.111
226 133.029
227 132.443
228 132.531
229 133.743
230 131.955
231 131.65
232 130.65
233 131.075
234 131.365
235 131.139
236 131.786
237 130.499
238 130.443
239 129.751
240 129.711
241 129.742
242 129.518
243 129.953
244 129.714
245 127.67
246 128.885
247 128.229
248 128.556
249 128.113
250 127.437
251 126.32
252 125.765
253 125.956
254 125.027
255 124.396
256 124.561
257 124.906
258 124.55
259 123.761
260 123.574
261 124.688
262 124.013
263 124.121
264 123.505
265 123.017
266 122.704
267 122.341
268 122.818
269 122.557
270 122.534
271 123.267
272 123.21
273 122.978
274 122.708
275 123.368
276 124.379
277 125.572
278 124.32
279 123.019
280 123.397
281 123.808
282 124.4
283 122.858
284 122.944
285 121.465
286 121.007
287 122.178
288 122.504
289 122.386
290 122.839
291 123.638
292 122.449
293 123.471
294 122.861
295 121.465
296 120.276
297 119.019
298 118.882
299 118.676
300 119.316
301 119.326
302 119.18
303 118.549
304 119.147
305 119.391
306 119.139
307 120.021
308 117.567
309 118.096
310 118.931
311 118.236
312 117.733
313 117.796
314 117.244
315 117.525
316 118.007
317 118.095
318 117.958
319 116.911
320 117.48
321 117.43
322 118.826
323 118.397
324 117.693
325 117.498
326 116.97
327 116.352
328 116.252
329 116.575
330 116.324
331 116.707
332 116.615
333 115.945
334 115.482
335 115.502
336 115.958
337 115.695
338 116.406
339 116.58
340 116.861
341 117.083
342 116.793
343 117.013
344 116.369
345 114.942
346 114.793
347 114.204
348 114.232
349 113.494
350 113.369
351 113.067
352 113.299
353 114.309
354 113.901
355 113.935
356 112.904
357 112.831
358 111.919
359 111.545
360 112.164
361 111.626
362 110.191
363 109.805
364 109.608
365 108.784
366 109.373
367 108.932
368 108.169
369 108.373
370 108.737
371 107.629
372 106.984
373 107.22
374 106.347
375 106.25
376 106.84
377 107.936
378 107.882
379 107.874
380 108.175
381 107.087
382 106.461
383 106.568
384 107.105
385 106.219
386 105.498
387 106.471
388 106.057
389 106.368
390 107.318
391 107.316
392 107.374
393 107.258
394 106.853
395 106.035
396 106.103
397 107.054
398 106.176
399 105.918
400 105.387
401 105.456
402 105.504
403 106.93
404 107.442
405 106.092
406 106.135
407 106.428
408 108.118
409 106.618
410 106.708
411 106.398
412 107.083
413 106.953
414 106.728
415 106.32
416 105.869
417 106.205
418 105.828
419 105.522
420 105.544
421 106.607
422 105.816
423 105.326
424 105.992
425 105.127
426 106.193
427 107.304
428 107.308
429 107.418
430 106.145
431 106.164
432 105.911
433 106.206
434 107.362
435 106.548
436 106.8
437 104.954
438 106.32
439 106.571
440 106.329
441 105.724
442 105.689
443 105.433
444 104.842
445 104.798
446 105.118
447 104.855
448 105.211
449 105.127
450 104.677
451 104.845
452 105.29
453 104.799
454 104.185
455 104.248
456 104.57
457 105.333
458 107.132
459 105.935
460 106.093
461 106.964
462 105.46
463 106.087
464 106.289
465 105.52
466 104.934
467 105.601
468 106.011
469 104.664
470 105.227
471 104.507
472 103.97
473 102.593
474 102.519
475 103.4
476 103.132
477 102.187
478 103.403
479 102.806
480 102.778
481 102.917
482 103.414
483 102.265
484 102.31
485 102.106
486 104.024
487 103.916
488 103.549
489 102.122
490 102.321
491 102.486
492 102.204
493 101.739
494 101.105
495 100.303
496 100.296
497 100.616
498 100.266
499 100.123
500 100.748
501 100.563
502 100.824
503 100.153
504 101.248
505 100.507
506 100.461
507 101.137
508 101.296
509 101.495
510 101.733
511 101.759
512 102.53
513 101.443
514 100.582
515 99.53
516 99.7825
517 99.3298
518 99.1159
519 99.2884
520 98.1867
521 97.9103
522 97.5
523 97.1174
524 97.2436
525 97.4126
526 98.5694
527 99.1976
528 98.9008
529 99.0639
530 99.1173
531 98.076
532 97.6129
533 97.7253
534 97.7588
535 97.2061
536 97.1954
537 97.0645
538 96.8342
539 96.6864
540 97.0735
541 97.7733
542 96.9773
543 96.7331
544 96.9826
545 97.7621
546 97.9981
547 97.7971
548 97.4688
549 98.6451
550 98.3252
551 98.1911
552 98.5288
553 98.0197
554 97.0557
555 96.7026
556 96.8386
557 96.8253
558 97.2912
559 97.0335
560 98.6209
561 97.8927
562 97.1974
563 97.7306
564 97.8661
565 98.0104
566 98.6694
567 97.1006
568 96.8586
569 97.0964
570 97.0619
571 96.98
572 96.9905
573 96.6555
574 97.8902
575 98.0906
576 98.297
577 98.4345
578 99.2919
579 97.5832
580 98.4021
581 98.1017
582 98.223
583 96.4118
584 97.1764
585 96.7956
586 96.5334
587 96.3042
588 96.5048
589 96.512
590 96.7426
591 96.9884
592 96.5541
593 96.2957
594 95.8174
595 96.605
596 96.9795
597 97.2219
598 98.1175
599 96.8499
600 96.5654
601 95.8504
602 96.4451
603 95.394
604 96.0469
605 96.6453
606 97.7157
607 97.5299
608 98.2844
609 97.2237
610 97.1141
611 96.9823
612 97.3947
613 97.4774
614 95.8543
615 96.5481
616 95.7258
617 95.7973
618 97.0756
619 96.6411
620 95.8219
621 96.2125
622 96.5404
623 96.7078
624 96.8273
625 96.4987
626 95.8264
627 95.7512
628 95.4122
629 96.0612
630 96.0219
631 95.761
632 95.3975
633 96.0806
634 95.7678
635 95.7282
636 96.1536
637 95.9135
638 95.5614
639 95.743
640 95.8844
641 95.9447
642 95.6179
643 95.7375
644 95.9137
645 96.1349
646 95.8531
647 96.1136
648 97.4342
649 97.4002
650 97.1255
651 97.3524
652 97.0495
653 97.9107
654 97.275
655 97.2082
656 95.4999
657 96.4569
658 96.6203
659 95.9345
660 96.1118
661 95.6248
662 96.2252
663 95.559
664 95.299
665 95.3161
666 94.4049
667 94.3102
668 94.2363
669 94.699
670 94.57
671 94.2414
672 94.5001
673 94.581
674 93.4747
675 94.1939
676 93.922
677 92.8932
678 92.9579
679 93.3473
680 93.1997
681 92.4255
682 92.6689
683 92.8286
684 91.8121
685 91.6386
686 91.1549
687 91.1379
688 91.5633
689 91.3874
690 92.0808
691 92.3554
692 92.289
693 92.7969
694 93.0212
695 93.3054
696 93.7814
697 93.5267
698 92.384
699 93.0985
700 92.7334
701 92.7024
702 92.5757
703 93.6166
704 92.1835
705 92.3458
706 93.0069
707 92.0955
708 92.1699
709 91.7859
710 91.8307
711 91.5239
712 90.6999
713 90.4397
714 90.3131
715 90.2816
716 90.9041
717 91.0282
718 91.5628
719 91.4814
720 90.5085
721 90.0326
722 90.4101
723 90.0338
724 90.7664
725 91.3083
726 90.1072
727 90.2651
728 89.7304
729 89.8264
730 90.6475
731 90.2227
732 91.3307
733 91.0286
734 90.3956
735 90.9551
736 90.6598
737 91.3828
738 91.7435
739 91.3721
740 91.5676
741 90.8611
742 90.2168
743 91.3254
744 91.324
745 89.9731
746 90.7728
747 91.2116
748 91.4432
749 90.7216
750 90.6133
751 90.916
752 90.3027
753 89.9403
754 90.4212
755 90.2487
756 90.517
757 90.9709
758 90.7223
759 90.2076
760 90.5505
761 90.5991
762 90.7435
763 91.7697
764 89.7726
765 89.7763
766 89.6507
767 89.2143
768 88.785
769 89.1046
770 90.3258
771 90.2627
772 91.1013
773 91.2617
774 89.6514
775 89.5599
776 89.2134
777 89.3258
778 88.9496
779 89.583
780 89.7382
781 89.6024
782 90.4473
783 89.6666
784 90.5429
785 91.166
786 91.5668
787 91.6112
788 91.4897
789 90.5296
790 91.2092
791 91.2543
792 91.3108
793 92.5156
794 91.0199
795 92.4993
796 91.7949
797 91.7274
798 92.6973
799 91.9062
800 90.7534
801 91.4779
802 91.1086
803 91.047
804 90.6336
805 89.4089
806 90.3494
807 90.4679
808 88.8701
809 88.8272
810 88.2566
811 87.6107
812 88.5757
813 89.3888
814 88.6245
815 89.7255
816 88.4816
817 88.1084
818 88.9738
819 88.509
820 88.4938
821 88.0045
822 88.5388
823 89.1329
824 88.35
825 89.1258
826 89.5103
827 88.5487
828 88.7881
829 88.1149
830 88.0872
831 87.6735
832 87.3149
833 87.2835
834 86.6548
835 87.1123
836 87.3824
837 88.0619
838 89.1407
839 89.6435
840 89.4376
841 89.3841
842 88.8015
843 87.5977
844 87.7707
845 87.4606
846 87.9376
847 88.53
848 87.4181
849 87.4332
850 87.0707
851 87.1223
852 87.4263
853 87.7331
854 87.3537
855 86.8513
856 86.4863
857 86.8815
858 88.2689
859 87.7502
860 87.7142
861 86.8279
862 87.8723
863 87.5489
864 87.9327
865 88.787
866 89.5151
867 87.2079
868 87.4819
869 87.2828
870 86.9159
871 86.7176
872 86.4829
873 86.3927
874 86.2379
875 86.8772
876 86.953
877 88.4575
878 86.5996
879 86.1067
880 86.1944
881 86.6714
882 87.1143
883 87.731
884 89.2644
885 89.2057
886 88.4526
887 87.2225
888 86.7985
889 87.9041
890 87.8302
891 86.222
892 87.0006
893 86.8687
894 86.8009
895 86.5583
896 86.7585
897 87.9001
898 88.5724
899 87.7603
900 87.8854
901 86.9289
902 86.9518
903 87.4319
904 87.6082
905 87.8954
906 88.5057
907 88.3682
908 87.3163
909 87.0506
910 88.1451
911 87.2677
912 86.8273
913 86.6378
914 86.2864
915 86.2118
916 86.4896
917 86.7052
918 87.3092
919 86.2295
920 85.6261
921 85.4446
922 86.2796
923 85.6384
924 87.0063
925 87.5199
926 87.747
927 87.2024
928 86.6759
929 85.9391
930 85.9344
931 86.7414
932 85.3167
933 85.5813
934 85.312
935 85.7231
936 84.957
937 84.7652
938 84.519
939 86.6144
940 87.6941
941 86.7927
942 86.7457
943 86.2551
944 86.4507
945 85.9312
946 85.8667
947 84.6597
948 84.9863
949 84.694
950 84.6079
951 85.2115
952 85.8679
953 84.9752
954 84.0067
955 84.3599
956 84.5272
957 84.5034
958 84.5508
959 84.4075
960 84.4303
961 84.1649
962 84.2014
963 83.8492
964 85.2051
965 86.2236
966 84.5355
967 85.2504
968 84.6754
969 84.9979
970 85.0393
971 85.7324
972 84.7668
973 84.6297
974 84.9054
975 85.6902
976 84.982
977 84.9029
978 84.8891
979 86.0059
980 84.6561
981 84.9241
982 84.915
983 85.3118
984 85.3288
985 86.1066
986 85.4154
987 84.6998
988 85.1544
989 85.9299
990 85.9317
991 85.9498
992 86.1628
993 86.0383
994 84.2839
995 85.1896
996 84.922
997 84.6067
998 84.3337
999 85.2184
