0 429.908
1 413.208
2 380.605
3 375.882
4 368.892
5 364.271
6 357.716
7 349.858
8 339.343
9 328.543
10 325.427
11 319.803
12 319.803
13 317.088
14 314.784
15 314.784
16 308.194
17 304.977
18 293.831
19 294.813
20 292.556
21 285.381
22 284.319
23 274.971
24 267.188
25 261.853
26 260.448
27 257.429
28 251.625
29 248.815
30 242.644
31 243.081
32 239.138
33 242.105
34 234.359
35 233.119
36 233.937
37 233.946
38 229.776
39 230.175
40 227.922
41 226.71
42 222.172
43 221.549
44 221.493
45 221.164
46 221.164
47 221.164
48 221.164
49 220.803
50 219.227
51 218.467
52 218.493
53 218.493
54 218.493
55 218.493
56 218.493
57 214.657
58 214.444
59 213.844
60 211.443
61 211.443
62 210.958
63 210.958
64 207.86
65 207.86
66 207.86
67 207.184
68 206.001
69 205.187
70 204.555
71 202.855
72 201.281
73 201.208
74 201.208
75 201.127
76 201.127
77 200.715
78 200.715
79 200.179
80 199.054
81 199.331
82 198.388
83 193.362
84 189.276
85 189.276
86 188.062
87 188.062
88 187.628
89 187.628
90 187.408
91 187.628
92 187.289
93 186.539
94 186.054
95 186.054
96 185.923
97 186.054
98 186.054
99 185.986
100 184.18
101 184.18
102 183.566
103 183.566
104 182.153
105 181.002
106 181.905
107 181.905
108 181.685
109 181.685
110 181.685
111 181.631
112 180.188
113 180.181
114 180.181
115 177.548
116 180.157
117 180.157
118 179.069
119 180.066
120 180.066
121 180.066
122 176.785
123 173.197
124 170.142
125 170.142
126 168.979
127 168.979
128 168.979
129 166.568
130 168.403
131 164.63
132 164.63
133 164.162
134 161.886
135 160.936
136 160.936
137 160.936
138 160.376
139 160.936
140 159.54
141 159.54
142 159.54
143 159.54
144 159.54
145 158.857
146 158.857
147 156.293
148 154.95
149 154.95
150 154.844
151 154.759
152 154.421
153 154.545
154 152.95
155 152.479
156 150.398
157 150.017
158 150.315
159 150.07
160 148.533
161 148.533
162 147.844
163 147.956
164 146.544
165 146.544
166 146.544
167 146.544
168 144.164
169 144.164
170 144.009
171 144.007
172 142.369
173 142.525
174 141.405
175 141.405
176 141.405
177 139.954
178 139.954
179 139.954
180 139.954
181 139.954
182 139.954
183 139.954
184 139.707
185 139.707
186 139.707
187 139.596
188 139.596
189 139.596
190 139.596
191 139.461
192 137.358
193 138.822
194 138.613
195 137.358
196 137.358
197 137.151
198 137.151
199 136.97
200 137.151
201 137.151
202 135.282
203 135.282
204 135.282
205 134.293
206 134.293
207 133.868
208 133.868
209 133.868
210 133.868
211 133.868
212 133.868
213 133.08
214 133.084
215 133.084
216 133.084
217 133.084
218 133.084
219 133.084
220 130.947
221 130.947
222 130.945
223 130.945
224 130.945
225 130.945
226 130.289
227 130.289
228 130.289
229 129.92
230 129.92
231 128.406
232 129.92
233 129.92
234 129.582
235 128.866
236 127.883
237 127.883
238 127.883
239 127.883
240 127.548
241 127.548
242 127.548
243 125.498
244 124.62
245 124.62
246 124.62
247 124.62
248 124.62
249 124.62
250 124.331
251 123.076
252 122.775
253 122.775
254 122.775
255 122.775
256 122.541
257 122.541
258 122.541
259 122.541
260 122.281
261 122.281
262 122.281
263 122.281
264 122.281
265 122.281
266 122.281
267 121.685
268 121.685
269 121.685
270 121.579
271 121.579
272 121.494
273 121.408
274 121.408
275 121.408
276 121.408
277 120.438
278 120.438
279 120.352
280 119.287
281 119.339
282 119.253
283 119.253
284 119.253
285 119.253
286 119.148
287 119.148
288 119.148
289 119.148
290 118.043
291 118.043
292 118.043
293 118.043
294 118.043
295 118.043
296 118.043
297 118.043
298 117.901
299 117.901
300 117.901
301 117.901
302 117.901
303 117.181
304 117.181
305 117.181
306 116.581
307 116.392
308 116.305
309 115.929
310 115.929
311 115.929
312 115.929
313 115.929
314 114.922
315 115.929
316 115.929
317 115.929
318 115.929
319 115.832
320 115.367
321 115.832
322 115.832
323 115.422
324 114.967
325 114.967
326 114.967
327 111.697
328 114.967
329 114.967
330 113.929
331 114.78
332 114.967
333 114.967
334 114.967
335 114.967
336 114.967
337 114.967
338 114.967
339 114.967
340 114.557
341 114.086
342 112.485
343 112.485
344 112.485
345 112.485
346 112.315
347 112.315
348 112.315
349 112.315
350 112.315
351 112.315
352 111.925
353 112.315
354 112.315
355 111.453
356 111.356
357 111.356
358 107.39
359 107.39
360 107.39
361 107.39
362 107.39
363 107.39
364 107.39
365 107.39
366 107.39
367 107.39
368 107.39
369 106.119
370 106.119
371 106.119
372 106.119
373 104.864
374 104.864
375 104.864
376 104.864
377 104.864
378 104.864
379 104.864
380 104.864
381 104.864
382 104.864
383 104.864
384 104.864
385 104.864
386 104.864
387 104.864
388 104.767
389 104.738
390 104.467
391 104.467
392 104.467
393 104.467
394 104.467
395 104.467
396 104.467
397 104.467
398 104.448
399 104.448
400 104.448
401 104.448
402 104.448
403 104.448
404 104.448
405 104.448
406 104.448
407 104.448
408 104.448
409 104.448
410 104.448
411 104.405
412 104.405
413 104.405
414 104.405
415 104.405
416 104.405
417 104.405
418 104.405
419 104.405
420 104.405
421 104.405
422 104.405
423 104.405
424 104.405
425 103.968
426 104.405
427 104.405
428 104.405
429 104.405
430 104.405
431 104.405
432 104.405
433 104.405
434 104.405
435 104.405
436 104.405
437 104.405
438 104.405
439 104.218
440 104.035
441 104.218
442 104.218
443 104.218
444 104.218
445 104.218
446 104.218
447 104.218
448 104.218
449 103.713
450 103.272
451 103.272
452 103.272
453 103.186
454 103.186
455 103.186
456 103.186
457 103.186
458 103.186
459 103.186
460 103.186
461 103.186
462 103.186
463 103.186
464 103.186
465 103.186
466 103.186
467 102.179
468 101.724
469 101.724
470 101.724
471 101.724
472 101.724
473 101.724
474 101.724
475 101.724
476 101.541
477 101.541
478 101.541
479 101.541
480 101.541
481 101.541
482 100.765
483 101.541
484 101.541
485 101.541
486 101.541
487 101.541
488 101.541
489 101.541
490 100.598
491 99.8216
492 99.8216
493 99.8216
494 99.8216
495 98.9407
496 98.9407
497 98.9407
498 98.7166
499 98.7166
500 98.7166
501 98.4541
502 98.4541
503 98.1444
504 98.1444
505 98.1444
506 98.1444
507 98.1444
508 98.1444
509 97.8229
510 97.8229
511 97.8229
512 97.8229
513 97.8229
514 96.8391
515 97.8229
516 97.8229
517 97.8229
518 96.9784
519 96.7538
520 96.6203
521 96.4011
522 96.3958
523 96.3958
524 96.3958
525 95.2187
526 96.3958
527 96.3958
528 96.3958
529 96.3958
530 96.3958
531 96.3958
532 96.3958
533 96.3958
534 96.3958
535 96.3958
536 96.3958
537 96.3958
538 96.3958
539 96.3958
540 96.3958
541 96.3958
542 96.3958
543 96.3958
544 95.8493
545 96.3958
546 96.3958
547 96.3958
548 96.3958
549 96.3958
550 96.3958
551 96.3958
552 96.3958
553 96.3958
554 96.3958
555 96.3958
556 96.3958
557 96.3958
558 96.3958
559 96.0918
560 96.0918
561 96.0918
562 96.0918
563 95.602
564 96.0918
565 96.0918
566 96.0918
567 96.0918
568 96.0918
569 96.0918
570 95.8958
571 95.8958
572 95.8958
573 95.0291
574 95.0291
575 94.8845
576 95.0291
577 95.0291
578 95.0291
579 95.0291
580 95.0291
581 95.027
582 94.5495
583 95.027
584 95.027
585 95.027
586 95.027
587 94.931
588 94.931
589 94.931
590 94.931
591 94.931
592 94.931
593 94.931
594 94.931
595 94.931
596 94.931
597 94.931
598 94.931
599 94.931
600 94.9245
601 94.9245
602 94.9245
603 94.9245
604 94.9245
605 94.9245
606 94.9245
607 94.9245
608 94.9245
609 94.9245
610 94.9245
611 94.8484
612 94.8484
613 94.8484
614 94.8484
615 94.8484
616 94.8484
617 94.8484
618 94.8484
619 94.8484
620 94.8484
621 94.8484
622 94.8484
623 94.8484
624 94.8484
625 94.8484
626 94.8484
627 94.8484
628 94.8484
629 94.8484
630 94.8484
631 94.7836
632 94.7836
633 94.6687
634 94.6687
635 94.6687
636 94.6687
637 94.6687
638 94.6687
639 94.6687
640 94.6687
641 94.6687
642 94.6687
643 94.6687
644 94.6687
645 94.4789
646 94.6687
647 94.6687
648 94.6687
649 94.6687
650 94.6687
651 94.5585
652 94.5585
653 94.5585
654 94.5585
655 94.348
656 94.348
657 94.348
658 94.348
659 94.0671
660 93.5174
661 93.5174
662 93.5174
663 93.5174
664 93.5174
665 93.5174
666 93.5174
667 93.5174
668 92.943
669 92.943
670 92.943
671 92.943
672 91.7393
673 91.7393
674 91.7393
675 91.7393
676 91.7141
677 91.2903
678 91.2903
679 91.2903
680 91.0078
681 91.0078
682 91.0078
683 91.0078
684 91.0078
685 91.0078
686 91.0078
687 91.0078
688 91.0078
689 91.0078
690 91.0078
691 91.0078
692 91.0078
693 91.0078
694 91.0078
695 90.6405
696 90.6405
697 90.6405
698 90.6405
699 90.6405
700 90.6405
701 90.6405
702 90.0246
703 90.0246
704 90.0246
705 90.0246
706 90.0246
707 90.0246
708 90.0246
709 90.0246
710 90.0246
711 90.0246
712 90.0246
713 90.0246
714 89.8634
715 89.8634
716 89.8634
717 89.8634
718 89.6024
719 89.6024
720 89.6024
721 89.6024
722 89.6024
723 89.6022
724 89.441
725 89.6022
726 89.6022
727 89.441
728 89.441
729 89.441
730 89.441
731 89.2467
732 89.441
733 89.441
734 89.441
735 89.441
736 89.441
737 89.441
738 89.441
739 89.441
740 89.441
741 89.441
742 89.441
743 89.441
744 89.441
745 89.3044
746 89.3108
747 89.441
748 89.441
749 88.7538
750 88.7538
751 88.7538
752 88.7538
753 88.7538
754 88.7538
755 88.7538
756 88.7538
757 88.7538
758 88.7538
759 88.7538
760 88.7538
761 88.7538
762 88.7538
763 88.7538
764 88.7538
765 88.7538
766 88.7538
767 88.7538
768 88.7538
769 88.7538
770 88.7538
771 88.7538
772 88.7538
773 88.7538
774 88.7538
775 88.7538
776 88.7538
777 88.7538
778 88.7538
779 88.7538
780 88.7538
781 88.7538
782 88.7538
783 88.7538
784 88.7538
785 88.2835
786 88.7538
787 88.7538
788 88.7538
789 88.7538
790 88.7538
791 88.7538
792 88.7538
793 88.7538
794 88.1064
795 88.1064
796 88.1064
797 88.1064
798 88.1064
799 88.1064
800 87.6058
801 87.6058
802 87.6058
803 86.6954
804 86.5011
805 86.5011
806 86.5011
807 86.5011
808 86.5011
809 86.5011
810 86.5011
811 86.5011
812 86.5011
813 86.5011
814 86.5011
815 86.5011
816 86.5011
817 86.5011
818 86.5011
819 86.5011
820 86.5011
821 86.5011
822 86.5011
823 86.5011
824 86.5011
825 86.5011
826 86.5011
827 86.5011
828 86.5011
829 86.5011
830 86.5011
831 86.5011
832 86.5011
833 86.5011
834 86.3362
835 86.3362
836 86.3362
837 86.3362
838 86.3362
839 86.3362
840 86.3362
841 86.3362
842 86.3362
843 86.3362
844 86.3362
845 86.3362
846 86.3362
847 86.3362
848 86.3362
849 85.8768
850 86.3362
851 86.3362
852 86.3362
853 86.3362
854 86.3362
855 86.3362
856 86.3362
857 86.3362
858 86.3362
859 86.3362
860 86.3362
861 86.3362
862 86.3362
863 86.3362
864 86.3362
865 86.3362
866 86.3362
867 86.3362
868 86.3362
869 86.3362
870 86.3362
871 86.3362
872 86.3362
873 85.5978
874 85.5978
875 85.5978
876 85.5978
877 85.5978
878 85.5978
879 85.5978
880 85.5978
881 85.5978
882 85.5978
883 85.5978
884 85.5978
885 85.5978
886 85.5978
887 85.5978
888 85.5978
889 85.5978
890 85.5978
891 85.5978
892 85.5978
893 85.5978
894 85.5978
895 85.5978
896 85.5978
897 85.5978
898 85.5978
899 85.5978
900 85.5978
901 85.5978
902 85.5133
903 85.5133
904 85.5133
905 85.5133
906 85.5133
907 85.5133
908 85.5133
909 85.5133
910 85.5133
911 85.0228
912 84.341
913 84.341
914 84.341
915 84.341
916 84.341
917 84.341
918 84.341
919 84.341
920 84.341
921 84.341
922 84.341
923 84.341
924 84.1885
925 84.1885
926 84.1885
927 84.1885
928 84.1885
929 83.7291
930 83.7291
931 83.7291
932 83.7291
933 83.7291
934 83.7291
935 83.7291
936 83.7291
937 83.5209
938 83.5209
939 83.5209
940 83.5209
941 83.5209
942 83.5209
943 83.5209
944 83.1777
945 83.5209
946 83.3261
947 83.1929
948 83.1929
949 83.1929
950 83.1929
951 83.1929
952 83.1929
953 83.1929
954 83.1929
955 83.1929
956 83.1929
957 83.1929
958 83.1929
959 83.1929
960 83.1929
961 83.1929
962 83.1929
963 83.1929
964 83.1929
965 83.1929
966 83.1929
967 83.1929
968 83.1929
969 83.1929
970 83.1929
971 83.1929
972 83.1929
973 83.1929
974 83.1929
975 83.1929
976 83.1929
977 83.1929
978 83.1929
979 83.1929
980 83.1929
981 83.1929
982 83.1929
983 83.1929
984 83.1929
985 83.1929
986 83.1929
987 83.1929
988 83.1929
989 83.1929
990 83.1929
991 83.1929
992 83.1929
993 83.1929
994 83.1929
995 83.1929
996 83.1929
997 83.1929
998 83.1929
999 83.1929
