3.15547
3.14837
3.16977
3.16536
3.15438
3.14401
3.08062
3.14673
3.16151
3.1413
3.14075
3.14292
3.14782
3.10694
3.16922
3.13426
3.10111
3.13858
3.13858
3.10164
3.17808
3.15547
3.11867
3.10588
3.13913
3.16481
3.14347
3.17033
3.14673
3.17254
3.15766
3.1954
3.15657
3.11066
3.12886
3.11706
3.1321
3.1511
3.15657
3.13696
3.13534
3.10907
3.14728
3.17254
3.1742
3.10641
3.10376
3.17975
3.12725
3.16591
3.15055
3.1348
3.11974
3.10429
3.12402
3.16867
3.16426
3.14238
3.16867
3.18421
3.17033
3.16426
3.11066
3.14619
3.11279
3.15219
3.13426
3.1321
3.10747
3.13642
3.10694
3.16151
3.15931
3.11974
3.14456
3.11546
3.12027
3.15876
3.12725
3.1511
3.18142
3.13642
3.12456
3.12563
3.11813
3.09215
3.13534
3.15219
3.11173
3.17254
3.16977
3.11226
3.10058
3.12188
3.1321
3.1742
3.17309
3.13642
3.13534
3.14891
